2.748802211694322928e+00 3.000238685575180142e+00 3.266783201183133034e+00 3.082328413370304165e+00 3.067601854343743106e+00 2.902444299772386049e+00 3.059072187272697807e+00 3.151370818907725191e+00
4.187297324549752453e+00 4.163177587993369677e+00 4.177581888906011898e+00 4.146094650430919515e+00 4.140333257507562870e+00 4.119757948659334090e+00 4.163721895739573853e+00 4.191691786932942421e+00
4.201673506626659282e+00 4.169673813202523505e+00 4.196366471506675744e+00 4.202401780445431001e+00 4.232295583510134129e+00 4.133244992520581640e+00 4.155584671714193767e+00 4.183808926009771945e+00
4.118322195799667185e+00 4.177802866243396807e+00 4.178499775625373225e+00 4.234418553283166631e+00 4.288405112177193779e+00 4.219827516743563933e+00 4.151129484337950259e+00 4.278678857209842867e+00
4.202607396686635077e+00 4.199446851748373177e+00 4.138029105827066623e+00 4.244011462830816761e+00 4.220015797682266090e+00 4.269700096275302670e+00 4.199545047773558970e+00 4.267358482746844928e+00
4.200041006570519819e+00 4.329283742528061474e+00 4.196990676839241985e+00 4.250881359904377099e+00 4.207106869950425931e+00 4.291980558235309218e+00 4.197269372843487112e+00 4.244550915877996822e+00
4.254732381380669004e+00 4.359186613632903828e+00 4.220960171115399895e+00 4.300748582423464583e+00 4.178882741865152184e+00 4.294509295268161608e+00 4.180445306574699593e+00 4.190307408366204633e+00
4.172158179924699617e+00 4.386003289012280426e+00 4.219799242086748059e+00 4.331526775691019182e+00 4.266110163485859808e+00 4.211859840850433301e+00 4.178326349244417592e+00 4.255041900101472763e+00
4.198849603748567638e+00 4.273013505216274766e+00 4.331349598719199889e+00 4.253081751695117596e+00 4.302169921091433480e+00 4.187989978000647540e+00 4.243183445392973319e+00 4.148865909709416933e+00
4.170847801256480025e+00 4.279164464866898498e+00 4.332527041157096193e+00 4.259198646331383564e+00 4.132846613191158092e+00 4.192179984947775218e+00 4.234162055080651577e+00 4.157087722629445814e+00
