3.260693583543115004e+00 3.017183013658088608e+00 2.600938328785357356e+00 3.051669327387726227e+00 3.519490879022162844e+00 3.333928810865664172e+00 2.991136614772834434e+00 3.108142804572419315e+00
4.192529245561232187e+00 4.238957822470920789e+00 4.192913735075022075e+00 4.235938997045166410e+00 4.260055780002130810e+00 4.240225872660786877e+00 4.209935814432635759e+00 4.153285231356254492e+00
4.341880487484525375e+00 4.185598010129901070e+00 4.198761683150986634e+00 4.140414841631714360e+00 4.273192868437003966e+00 4.266836037389045266e+00 4.235202050922194594e+00 4.188076902465035722e+00
4.329260666310978500e+00 4.227346186696764541e+00 4.175021940466147718e+00 4.199634497577315884e+00 4.255028048562065734e+00 4.199802015844359637e+00 4.194063502204525840e+00 4.184677686160477528e+00
4.255392243657146523e+00 4.167036698223504310e+00 4.194706574430543178e+00 4.225113632228781668e+00 4.249323146965291897e+00 4.214598316502256026e+00 4.181282724457682676e+00 4.164260468250307490e+00
4.187029807623400934e+00 4.234663148213303252e+00 4.216458955961072341e+00 4.151823740043452560e+00 4.322304967122799546e+00 4.185426919712773142e+00 4.198744518166352968e+00 4.192246195045523649e+00
4.190330642055916321e+00 4.293953337414190941e+00 4.229542359462827861e+00 4.237986119278152053e+00 4.298745374532688679e+00 4.247216554347837736e+00 4.185484991283153988e+00 4.132976786761915378e+00
4.191106203429433741e+00 4.236111907755443440e+00 4.238304978691266989e+00 4.204337369884874498e+00 4.187320815529087525e+00 4.271636821986408705e+00 4.112839453794615352e+00 4.199339107147667782e+00
4.205455136278526851e+00 4.303055262798819669e+00 4.200788543686008403e+00 4.240123389046053681e+00 4.165160575247322861e+00 4.261095456557550953e+00 4.221800461536742155e+00 4.230513620889087001e+00
4.282289165814323617e+00 4.201534251942014464e+00 4.331641802898738902e+00 4.351008014536087209e+00 4.175197744494568042e+00 4.286574519048442333e+00 4.138436968069801658e+00 4.204510542015182040e+00
