2.745808266048688218e+00 2.992923660416078491e+00 3.123631843379243378e+00 3.089722475462781670e+00 3.190015282250489914e+00 2.924158194328341676e+00 3.411443959263840586e+00 3.192399816398041601e+00
4.121334147353911348e+00 4.154633714169734482e+00 4.237933127148531653e+00 4.146876435989280019e+00 4.212404765839823817e+00 4.208639008238382218e+00 4.161784507027578961e+00 4.128042128279489020e+00
4.168715319532918961e+00 4.173924728393312300e+00 4.269554636956777394e+00 4.106824755516386816e+00 4.229864223202181250e+00 4.199184127129973909e+00 4.280194500591352202e+00 4.230244992791925895e+00
4.164373725756447264e+00 4.225771675599869326e+00 4.203491093068404183e+00 4.166363371533106985e+00 4.278329212428590544e+00 4.163986105302796226e+00 4.301779449365601415e+00 4.233935030313652703e+00
4.230913276923620181e+00 4.208736013708354484e+00 4.180265367283523048e+00 4.216064520275113026e+00 4.237321105841231450e+00 4.192309510744189005e+00 4.211943480203958146e+00 4.324022439898484116e+00
4.275304092153010771e+00 4.142367339154183981e+00 4.148250623760755929e+00 4.249821175433015519e+00 4.183181217403748597e+00 4.237630456481281449e+00 4.246882965990965708e+00 4.354087973485260221e+00
4.299450091314104938e+00 4.200660211375017994e+00 4.209655823337523195e+00 4.297504114566120137e+00 4.185265418960564254e+00 4.197692877417432911e+00 4.240602036602463265e+00 4.234552541152087457e+00
4.300728635965181290e+00 4.184801935262441930e+00 4.312003822289111277e+00 4.190591675688090767e+00 4.262875760599612818e+00 4.199540786682214311e+00 4.217090418055859935e+00 4.226687715749445573e+00
4.261934308638622326e+00 4.248650242490859874e+00 4.334488272274298559e+00 4.163637469209484188e+00 4.287000184653636303e+00 4.119391565552607659e+00 4.296282110918409280e+00 4.183705329232634718e+00
4.157759962888996519e+00 4.233778463028608385e+00 4.303066822554364457e+00 4.183110144645952211e+00 4.178093290184077269e+00 4.210291097784858216e+00 4.287607266626204172e+00 4.145694139861859639e+00
