3.339301044409784147e+00 2.862477333655167211e+00 3.093578215392821740e+00 3.059811443708519096e+00 2.861543740883090603e+00 3.291621269761979107e+00 2.878151027338440748e+00 3.018351202426591495e+00
4.310974082553087783e+00 4.184082458746975597e+00 4.126771629534754737e+00 4.145969055576148143e+00 4.231632429906182047e+00 4.172136626546127047e+00 4.105277181353283567e+00 4.133167746860665126e+00
4.303388648469255173e+00 4.182776386939378810e+00 4.115220888793619913e+00 4.197023961140573078e+00 4.248753952321044025e+00 4.195575020296507418e+00 4.180919213119437927e+00 4.176069742553806030e+00
4.221136996554874621e+00 4.204269955630081768e+00 4.219953044807428277e+00 4.206627736200148071e+00 4.260071563742491740e+00 4.218830174157907287e+00 4.200365603729047770e+00 4.190251953445253363e+00
4.310282382174210447e+00 4.162425899806645013e+00 4.221582712193893805e+00 4.236934694731001372e+00 4.251387780013703654e+00 4.212797072539955501e+00 4.282441630669237220e+00 4.228420870595821057e+00
4.399753271031877411e+00 4.147364768872747298e+00 4.260623617442487188e+00 4.212627661322810191e+00 4.149221672185724685e+00 4.227734829226857727e+00 4.192512659982009282e+00 4.190011300497332059e+00
4.350948844640478264e+00 4.159292516907687975e+00 4.240356219364135981e+00 4.214428663807520792e+00 4.244610848065736519e+00 4.202294390305591598e+00 4.202515597591956364e+00 4.229828559595127935e+00
4.275233560731038551e+00 4.156458088594034983e+00 4.274129061913720662e+00 4.275031084173333440e+00 4.252779690476719665e+00 4.165012485098056771e+00 4.303814060252358686e+00 4.285730440007227138e+00
4.250739949964114750e+00 4.166488744963452895e+00 4.281856309850420317e+00 4.310701069592789203e+00 4.228934270715414279e+00 4.228554690501775681e+00 4.237130189772413402e+00 4.328625981402382195e+00
4.278386161666150045e+00 4.239847561870988990e+00 4.281208821824393773e+00 4.274965644962627209e+00 4.236036514919382157e+00 4.298574426316134733e+00 4.214635839080191460e+00 4.266013690444911965e+00
