3.217945205419426191e+00 3.353983508194055663e+00 3.093286800292665006e+00 2.785325681521785057e+00 3.244663827207118434e+00 2.944840795298056868e+00 3.135275830211725623e+00 3.065984229718539567e+00
4.157400833540203955e+00 4.202146942125617457e+00 4.131929508612700808e+00 4.187927114524271133e+00 4.192620771815909642e+00 4.182221871749542963e+00 4.214028991866000773e+00 4.188386255706890715e+00
4.228304131992098647e+00 4.233826167141951480e+00 4.119222312195170765e+00 4.238165411860538967e+00 4.226649961932060329e+00 4.203660876523364287e+00 4.216866803813287490e+00 4.175098684566351359e+00
4.196984349532210778e+00 4.198106824491977918e+00 4.099345732300306189e+00 4.163180623287791704e+00 4.195057963786807065e+00 4.244650243530731615e+00 4.191923339357324529e+00 4.169387461720075017e+00
4.196975644640660086e+00 4.225907815401832579e+00 4.158188344217789378e+00 4.105482829914934406e+00 4.189386281415738544e+00 4.263165180996574932e+00 4.176767657488446694e+00 4.230219417481536404e+00
4.183618408923589271e+00 4.202642145747883973e+00 4.230468036198718806e+00 4.149912645624332264e+00 4.208117821352004739e+00 4.199783074877457167e+00 4.176840432671993675e+00 4.243720063807855603e+00
4.222362848195531981e+00 4.134985447253320068e+00 4.173325625070944511e+00 4.160684175630027681e+00 4.175413944633178609e+00 4.128136698640415325e+00 4.177379229999792720e+00 4.258487331551443766e+00
4.288970395332086127e+00 4.167432925538935962e+00 4.226143559098735736e+00 4.195206816183741694e+00 4.125471120743758213e+00 4.169943020727608918e+00 4.230028794121081681e+00 4.427688689183041149e+00
4.222464074580589255e+00 4.209035713838359172e+00 4.323444836832462279e+00 4.234156404138239793e+00 4.260464342232271662e+00 4.131633420760872255e+00 4.171297887082626943e+00 4.441014271004413594e+00
4.200970046275582348e+00 4.200608914326510401e+00 4.216661918493177730e+00 4.228347543989963597e+00 4.237523415622098000e+00 4.144940189807871711e+00 4.220044968809594899e+00 4.398195188520205967e+00
