3.118985177509228990e+00 3.042482334179079650e+00 2.857462381765740744e+00 3.225280504894979305e+00 3.114047870953335462e+00 3.144575544189211147e+00 3.181426166947223688e+00 2.466543614427553877e+00
4.159621643371671951e+00 4.176897211988743308e+00 4.176423143562074003e+00 4.170253402571603374e+00 4.101965120772646856e+00 4.168024459061150822e+00 4.180583837543865755e+00 4.080839929989350523e+00
4.200174061936956527e+00 4.193203195082181090e+00 4.210294476689651511e+00 4.139860100372400709e+00 4.277703187245062821e+00 4.198750365711867438e+00 4.213041635522957407e+00 4.193098630534714211e+00
4.098565984809482643e+00 4.200051474833513154e+00 4.203461370064309754e+00 4.135080453292093949e+00 4.247113309259908043e+00 4.194585584539418655e+00 4.185195814356680977e+00 4.215536024483653499e+00
4.188805706453612387e+00 4.166558292026708799e+00 4.224204472589518033e+00 4.145116129785604286e+00 4.368738761364213019e+00 4.188367344274875670e+00 4.160420819758924083e+00 4.221111212217508957e+00
4.204096072603635825e+00 4.199841714173444984e+00 4.236919694838268136e+00 4.243358432183819140e+00 4.392412573666832465e+00 4.173584858545019038e+00 4.195098807415818420e+00 4.200568311547317357e+00
4.216054739947431962e+00 4.230751097643694614e+00 4.180847433598038343e+00 4.174848859013874147e+00 4.311050650148414931e+00 4.160376886369975935e+00 4.272507280452824574e+00 4.164389690198182059e+00
4.231798491454547673e+00 4.259701366889801832e+00 4.200548131256269357e+00 4.110852232299040843e+00 4.256351051141674446e+00 4.223132962516521260e+00 4.179193438462258214e+00 4.206353867298678217e+00
4.158763183817990594e+00 4.182376523890845021e+00 4.316594988792719079e+00 4.168858091299705748e+00 4.262589998901147759e+00 4.252961562303465115e+00 4.210966022295410838e+00 4.155531221064634906e+00
4.145153539999953729e+00 4.224190217744177467e+00 4.320615269510228451e+00 4.217611876701068852e+00 4.302679382372301298e+00 4.272354284817950543e+00 4.156826541168101130e+00 4.345222599242987371e+00
