2.923429233157042617e+00 3.217530895069161012e+00 3.064140268206099638e+00 3.276836842660232563e+00 3.157565209266311346e+00 3.276317667686529767e+00 3.114197934876228757e+00 3.194948443262210613e+00
4.169701846209159513e+00 4.262116673918856513e+00 4.132927274032192066e+00 4.222132241613413939e+00 4.139427791919884747e+00 4.208272769107656686e+00 4.207973999716393187e+00 4.200081710354599984e+00
4.183061579513013051e+00 4.218570867015384529e+00 4.223299467830242904e+00 4.203523691052659217e+00 4.154869463964102394e+00 4.258340843214719840e+00 4.202909132213928700e+00 4.223045309078104381e+00
4.192682449771372610e+00 4.252159016312046624e+00 4.252096281572936398e+00 4.207628978806301490e+00 4.208559802765029723e+00 4.248338938488159577e+00 4.146467977726335796e+00 4.188038392894923412e+00
4.207667940022271402e+00 4.221308617660712414e+00 4.170580674720373082e+00 4.263795708519710459e+00 4.144917648847588509e+00 4.240534119066844632e+00 4.138969503460057098e+00 4.127274053553074751e+00
4.196067501457110716e+00 4.190785383850232471e+00 4.169556354808656273e+00 4.209289991504845396e+00 4.183047131957607689e+00 4.303044938181993295e+00 4.192661475913681990e+00 4.256395545014657777e+00
4.209532500712059644e+00 4.116337072754889803e+00 4.212195393537888854e+00 4.234971623398320340e+00 4.137688221226089702e+00 4.248012376217516817e+00 4.172908186750325932e+00 4.183252744558238589e+00
4.208239004854311460e+00 4.209121105302427779e+00 4.099747988234876850e+00 4.218159518039279909e+00 4.228032357917760109e+00 4.201110597138544733e+00 4.163861255165089759e+00 4.208401638453640459e+00
4.282569925282872170e+00 4.190547225031582279e+00 4.217617692301957710e+00 4.211781971009258996e+00 4.169488671814420400e+00 4.222906273589734027e+00 4.216189089889420316e+00 4.240595757111410791e+00
4.265054392919421566e+00 4.153766213845035082e+00 4.212784362771193614e+00 4.159648704555409360e+00 4.182030200988914537e+00 4.274954764114501593e+00 4.242170029677319043e+00 4.195288491640660311e+00
