3.055587674164195189e+00 3.023508402127267569e+00 2.978524800107170467e+00 3.302115183145409638e+00 3.009828916787147701e+00 2.960336299566930229e+00 3.041033013823227105e+00 3.281517585447746299e+00
4.194528640872912995e+00 4.145922678111450210e+00 4.144862311402985888e+00 4.205638416319270156e+00 4.162706366832069627e+00 4.162468231379588879e+00 4.120476005298392863e+00 4.169851214506294035e+00
4.277760245739043121e+00 4.244928330148348472e+00 4.189661910938951905e+00 4.192015505908431194e+00 4.247133290642019610e+00 4.230589293312956300e+00 4.211855976864350204e+00 4.241481203469344763e+00
4.299958249763806251e+00 4.305598011347361975e+00 4.160707894701476839e+00 4.184414811074409712e+00 4.400392711451154071e+00 4.222088063228240706e+00 4.126250197226609018e+00 4.234978874543199545e+00
4.243719414525327416e+00 4.227023286909822986e+00 4.192929389249909100e+00 4.212028653699931624e+00 4.432747224797256358e+00 4.297396504395918804e+00 4.152695794474253077e+00 4.226673687399138402e+00
4.168100348271333466e+00 4.126774795565821385e+00 4.227920946174423378e+00 4.227846943458237305e+00 4.350690750878824176e+00 4.179755477004657216e+00 4.154197826392441506e+00 4.133541544062271811e+00
4.254084036679042669e+00 4.201317015171611047e+00 4.151379042049593515e+00 4.210689597738952017e+00 4.275285809481242261e+00 4.229087078230911345e+00 4.232042997722309963e+00 4.197055268956166429e+00
4.288029596388745368e+00 4.162882213750844329e+00 4.180239789786155846e+00 4.260285389121413857e+00 4.285036848719044222e+00 4.291634997467867585e+00 4.171263254339653948e+00 4.257653433607619498e+00
4.231849459539033909e+00 4.190731556217939691e+00 4.197104401848833710e+00 4.228340075162226874e+00 4.190897936826479153e+00 4.341719816118125408e+00 4.215785669586447071e+00 4.256311531626343125e+00
4.203006311209149359e+00 4.177412461068648497e+00 4.173037292507116192e+00 4.136725150571190390e+00 4.253793715422500732e+00 4.254883624051895907e+00 4.240756763098602278e+00 4.248550503496761444e+00
