2.704721682524769300e+00 2.779650665627782402e+00 2.847219984118262825e+00 2.944878688753940654e+00 2.875112373819498579e+00 3.255025268959216955e+00 2.863963827625061409e+00 2.748590408238916094e+00
4.190727395786074894e+00 4.125633975148623733e+00 4.181330067520989680e+00 4.144095472175242101e+00 4.113972825850353843e+00 4.168518190495743347e+00 4.166278400212031663e+00 4.171531504473057872e+00
4.198410810098860857e+00 4.180081384712034165e+00 4.171660648051256359e+00 4.167019135573977628e+00 4.191793706270217967e+00 4.233612203315441747e+00 4.191005230839070173e+00 4.259945784905021959e+00
4.184755016186921139e+00 4.198239397972150400e+00 4.197357246457050550e+00 4.150351897014360247e+00 4.212089211887880325e+00 4.132315931202327874e+00 4.239514061242858567e+00 4.178716900319177974e+00
4.276130935909771225e+00 4.183199354238448464e+00 4.276776472599081558e+00 4.184486223143172978e+00 4.279383512520982258e+00 4.216694439946066630e+00 4.245434209502152889e+00 4.224372201419461348e+00
4.252767601387502872e+00 4.211575038747920274e+00 4.248516047508852367e+00 4.161413276131054495e+00 4.270220954424734039e+00 4.238860484501377535e+00 4.248723397173956862e+00 4.199597048999708981e+00
4.266351425209981230e+00 4.266326377948145954e+00 4.198834299395667102e+00 4.243965051874439176e+00 4.246051954840900144e+00 4.227083431885414910e+00 4.152677398643946027e+00 4.166013394703172779e+00
4.256084192889223239e+00 4.232800852445671502e+00 4.264362841509018232e+00 4.169582893558481551e+00 4.249438946730297317e+00 4.221964657441643176e+00 4.143195807269250963e+00 4.207580399233710189e+00
4.204454966332139776e+00 4.137569866783494810e+00 4.275502477129477619e+00 4.153878796895198455e+00 4.272832378376257623e+00 4.222935707004176642e+00 4.154646038083366300e+00 4.289688959517350852e+00
4.164504009910670490e+00 4.170698072022988256e+00 4.241400762783138489e+00 4.196198564398248898e+00 4.207415975518506990e+00 4.261178505791851201e+00 4.179438625816301212e+00 4.302625203791249575e+00
