2.958940336857562414e+00 3.019204764645741612e+00 2.643203705899153544e+00 3.255023124565882053e+00 3.165463232955692874e+00 3.033130975058092371e+00 2.949352635422547220e+00 3.021922899397011086e+00
4.165119130866782982e+00 4.171978561997557122e+00 4.158801819189863025e+00 4.228544130647736488e+00 4.131478444717404663e+00 4.165152649138489593e+00 4.133365029227276111e+00 4.165064876673095995e+00
4.309232800082709147e+00 4.282788650543781550e+00 4.130237553979786647e+00 4.285875009300592176e+00 4.229549430804469878e+00 4.108344750925775557e+00 4.198323835487390632e+00 4.115886867676392669e+00
4.355016208159870672e+00 4.365454583278813416e+00 4.157463495239388074e+00 4.301527970488695729e+00 4.257656304761282762e+00 4.196301782643124589e+00 4.270351230584357616e+00 4.157156367484973636e+00
4.356433422164467828e+00 4.279578649384744971e+00 4.186730087453244487e+00 4.250567336171938493e+00 4.139937027787913948e+00 4.184948644184903088e+00 4.299095981340459893e+00 4.137772351576487040e+00
4.267467503524327910e+00 4.288579934483255585e+00 4.191921512392115190e+00 4.333465359078686241e+00 4.248443489985705313e+00 4.209051453513279029e+00 4.215273365376029702e+00 4.205934480085480764e+00
4.250801550480929336e+00 4.283630803022453470e+00 4.189811125878212472e+00 4.293148557373095642e+00 4.200000219353524855e+00 4.194435987226059481e+00 4.152417548623184906e+00 4.280247337794437890e+00
4.176107569626042348e+00 4.239250318426294406e+00 4.238263017730835358e+00 4.257680016760793329e+00 4.169314347353467731e+00 4.135051084427391110e+00 4.263943464801189798e+00 4.236826676257713586e+00
4.235805667642605243e+00 4.255803778757185185e+00 4.292315131483969814e+00 4.271522163409775530e+00 4.161670152053053684e+00 4.172902422056318450e+00 4.186197976006730492e+00 4.255313236259078202e+00
4.304285230357216108e+00 4.262992460598710842e+00 4.230877698197239134e+00 4.279737622193136914e+00 4.232102663278457300e+00 4.260033035326942219e+00 4.211810077211576520e+00 4.251493875498093544e+00
