3.368226082568118507e+00 3.174719514345130555e+00 3.138086846285096598e+00 2.862921829089170700e+00 3.386820475692389198e+00 3.446186541062476127e+00 2.948868263771037945e+00 3.281422779185992677e+00
4.152626416569627388e+00 4.137656091104315870e+00 4.164294564360826456e+00 4.185649985166985942e+00 4.168559101585348259e+00 4.209080593706423734e+00 4.170498645067384658e+00 4.186948104482457467e+00
4.126698643982551040e+00 4.150523092724421659e+00 4.119569746082161643e+00 4.157790263337942882e+00 4.133324005570385040e+00 4.186840877990884557e+00 4.189416172483957368e+00 4.137123307433964392e+00
4.107664012607504134e+00 4.154462441077316548e+00 4.219288939059889110e+00 4.145629243691359989e+00 4.146774640503845255e+00 4.126335783630483256e+00 4.156122569588160509e+00 4.195609639651776135e+00
4.138182699414164389e+00 4.257838535740478214e+00 4.267474037786287866e+00 4.218852560363488990e+00 4.194983304754742015e+00 4.186571849019504299e+00 4.232994212179416849e+00 4.294087458677040559e+00
4.138254778630968467e+00 4.216444185514545140e+00 4.226186551890980247e+00 4.204064289924304809e+00 4.172547960491079344e+00 4.204264229899567162e+00 4.187013952141737327e+00 4.282103810323503623e+00
4.183773184920994481e+00 4.170094005772616796e+00 4.250660325858531152e+00 4.256381342341824414e+00 4.191238149944099156e+00 4.271260740020667690e+00 4.153365001723639871e+00 4.217023897393224807e+00
4.244160583612844206e+00 4.228078496148143017e+00 4.253666717785201001e+00 4.121423923023940894e+00 4.092003952186445304e+00 4.297725889740619643e+00 4.186491488646583825e+00 4.180613824641212339e+00
4.320789663963427785e+00 4.266755301863055294e+00 4.280664927230810157e+00 4.168584304640490679e+00 4.147059172536819993e+00 4.324520011795843999e+00 4.129807910341641630e+00 4.184342633523231214e+00
4.270189146316980988e+00 4.222013054379943675e+00 4.253887284576115313e+00 4.179295822679397254e+00 4.232249886550743412e+00 4.239862454036788186e+00 4.268803052517188945e+00 4.170107453912961226e+00
