3.334589106313935236e+00 3.055378889161714184e+00 3.235371772680770697e+00 2.984624733918693984e+00 3.163981646678304394e+00 2.990197168535816186e+00 3.242390022274090899e+00 2.813390419615727556e+00
4.289774982150628801e+00 4.199949243505512797e+00 4.217528607314708466e+00 4.188541443745665838e+00 4.176150666691023972e+00 4.199005902208610586e+00 4.220838764402166099e+00 4.202164114849256116e+00
4.327456627685236867e+00 4.235980114493610671e+00 4.241695025835055866e+00 4.199943843371080732e+00 4.189105326040476918e+00 4.296730986463931146e+00 4.233967640243979424e+00 4.195611640847543455e+00
4.341096394496504196e+00 4.189436247606115771e+00 4.311270380619995457e+00 4.253814187683905956e+00 4.238990212354473819e+00 4.294350740741530892e+00 4.276336948378808955e+00 4.216805637826881004e+00
4.357846083033685147e+00 4.231543061990506338e+00 4.379116202957177073e+00 4.241194975593336913e+00 4.242072646642460754e+00 4.391578088626264531e+00 4.275894500668671050e+00 4.222731823176850696e+00
4.307236964625714037e+00 4.262514294291187333e+00 4.359319953272817294e+00 4.306381435471271502e+00 4.189545964148825519e+00 4.414147124056118976e+00 4.240866821863754410e+00 4.312133014893018590e+00
4.281843705548689094e+00 4.234425755629722232e+00 4.342047131239904267e+00 4.269327847732742320e+00 4.242116858525196932e+00 4.452070796683291753e+00 4.233438765605629150e+00 4.361895273560010722e+00
4.353290867000459308e+00 4.289805828395711451e+00 4.297446340337823578e+00 4.329161774299241650e+00 4.270077028992752766e+00 4.485117706018153960e+00 4.243250747859938166e+00 4.345852670780500304e+00
4.356535986334230337e+00 4.393068457646536196e+00 4.378260609104836831e+00 4.310930653659323042e+00 4.315711386319508236e+00 4.511584107536469546e+00 4.280946471496809735e+00 4.287199427083506542e+00
4.387928129414701672e+00 4.485515623455802015e+00 4.408061152766207691e+00 4.323593987039684450e+00 4.241307713285944914e+00 4.559145100706746945e+00 4.267441587053555807e+00 4.219159347399933147e+00
