3.079536368983911920e+00 3.336296500305595547e+00 3.082160151854453911e+00 3.212009487387781359e+00 2.906023016919529134e+00 3.237746130006026846e+00 3.082751606434730007e+00 3.148096820691078435e+00
4.208375065297447648e+00 4.237965655180817137e+00 4.238919018848468667e+00 4.234004533120232949e+00 4.251828608488213312e+00 4.233351015143447249e+00 4.207092964121576628e+00 4.218479647607372485e+00
4.250476742963483545e+00 4.206450498201227184e+00 4.220789164368916602e+00 4.224882035337677699e+00 4.275494492108443012e+00 4.245374452986458991e+00 4.250629412700374310e+00 4.204552567665598595e+00
4.186727982654235625e+00 4.219386273326584558e+00 4.226216565795799518e+00 4.264927405082398870e+00 4.269618510155848590e+00 4.267614391887878611e+00 4.273060741820809305e+00 4.259138526169460093e+00
4.206134543618695432e+00 4.227580618803923329e+00 4.213955984909504515e+00 4.281996845846049560e+00 4.260355930724670337e+00 4.303545893421897084e+00 4.255216288861332963e+00 4.304469816799607607e+00
4.248923574810533843e+00 4.268984877285621593e+00 4.281831520667026325e+00 4.319959950296291318e+00 4.267959893814399663e+00 4.283723759441902423e+00 4.244322680774991419e+00 4.362139168831196123e+00
4.248066707369641648e+00 4.284487324143108289e+00 4.228414196191235597e+00 4.314628153412096268e+00 4.227308160760593125e+00 4.248517843916492787e+00 4.260829434550823969e+00 4.412759328336735898e+00
4.319581521612844810e+00 4.302803375129029106e+00 4.232737493927625216e+00 4.355620587549111633e+00 4.215324573584056544e+00 4.268825937795104331e+00 4.279292083108795275e+00 4.341632749429713556e+00
4.382233449712457762e+00 4.329769154741937243e+00 4.199561729542184096e+00 4.394289826776980767e+00 4.261366272946816025e+00 4.260196638596604579e+00 4.293867412761465552e+00 4.264541234406227233e+00
4.409541674655031329e+00 4.269505616895563627e+00 4.172981265486274793e+00 4.412936333492565311e+00 4.270450526105419087e+00 4.282553436847696737e+00 4.296191707195589515e+00 4.297479999744310497e+00
