3.243098449215631618e+00 2.990172120599518202e+00 2.981786698562776117e+00 3.108558381248793800e+00 3.272655354725150456e+00 3.096467568113194346e+00 3.259887117317380678e+00 2.990199235283471424e+00
4.190894018872446836e+00 4.194209440245626475e+00 4.213344352841531304e+00 4.231721267111194784e+00 4.265114133104296101e+00 4.171209259461073238e+00 4.277449702932631936e+00 4.196238435743256723e+00
4.204525885722233625e+00 4.217996006191742531e+00 4.204861274939853288e+00 4.213497452395055021e+00 4.206561714026856080e+00 4.230106730636529200e+00 4.334808494446718008e+00 4.266338699804650858e+00
4.220923221436732931e+00 4.231833793565142443e+00 4.237015435536165775e+00 4.289825025711402340e+00 4.224177547974347746e+00 4.226803068856199275e+00 4.278348960526423994e+00 4.259231136477310109e+00
4.222051352844201411e+00 4.296041357120029325e+00 4.218038692578605975e+00 4.265297152293046956e+00 4.187456910044772052e+00 4.155907247466532617e+00 4.245882083144246977e+00 4.267117873919509918e+00
4.250217531136679661e+00 4.339864583435974588e+00 4.203392336508682270e+00 4.238825600920787195e+00 4.195282233663761851e+00 4.206338213279289917e+00 4.283504974481793681e+00 4.277153219065073841e+00
4.214494074258881007e+00 4.292845191642594038e+00 4.206862668763921675e+00 4.284381602248847898e+00 4.189773584051362576e+00 4.263826061612643770e+00 4.353843250910866658e+00 4.275264696447687918e+00
4.245318212060571916e+00 4.371790953272409297e+00 4.229224666015360512e+00 4.292245760780138752e+00 4.140652010831862739e+00 4.292551212196568322e+00 4.372730348890887520e+00 4.367838497123987196e+00
4.214541306070800353e+00 4.448047489969903623e+00 4.261992922616739676e+00 4.257532210790977878e+00 4.220750087336166523e+00 4.301974990140539745e+00 4.338635224424181480e+00 4.424943927967872170e+00
4.291595507967725709e+00 4.450515614017597876e+00 4.255653990440589673e+00 4.232233854458756994e+00 4.215191114950920692e+00 4.288004041139476641e+00 4.400972959635015336e+00 4.384589291331813854e+00
