3.249713158879838915e+00 3.080376561499471144e+00 3.499487751146559855e+00 3.253981816901498014e+00 3.310939422104294927e+00 2.974601771273968520e+00 3.044906602608543178e+00 3.284196222892960648e+00
4.210847449040893586e+00 4.180720319927797135e+00 4.261925649551410622e+00 4.211346331443700741e+00 4.247049870204140376e+00 4.166326080900198292e+00 4.215007394237144212e+00 4.207440752949564100e+00
4.246171148775473192e+00 4.205622993020285527e+00 4.268077016939980872e+00 4.198267439106388998e+00 4.268058357529057822e+00 4.197699931373089832e+00 4.250495518481619328e+00 4.257259445285007438e+00
4.262560708242081553e+00 4.262657447055604898e+00 4.226663911443004018e+00 4.210457971841370828e+00 4.364234000952537329e+00 4.223363212924296839e+00 4.283122525262173852e+00 4.259878472582398601e+00
4.237663496576862698e+00 4.321593932759451917e+00 4.236497383216034862e+00 4.218532305824375328e+00 4.466111155010853651e+00 4.219107930701386344e+00 4.251048510957924798e+00 4.212683514288080744e+00
4.234541884517794230e+00 4.338543331254920865e+00 4.262074504045585854e+00 4.200434597969676886e+00 4.492626263393468378e+00 4.219120851230225178e+00 4.229437258929448440e+00 4.273900011809675270e+00
4.213725146159577939e+00 4.312425953328161476e+00 4.212011049145325536e+00 4.174886567757703837e+00 4.540590785596723578e+00 4.242257105452400978e+00 4.228185580730341897e+00 4.360051767333828820e+00
4.212132792579032170e+00 4.300138250076456892e+00 4.191833848561458353e+00 4.169190981942932694e+00 4.530945451072236452e+00 4.326530726116359915e+00 4.286846405345260180e+00 4.360996967185280404e+00
4.193980160214554331e+00 4.241314370036487702e+00 4.237173385686711313e+00 4.205668816930131726e+00 4.512577439283936620e+00 4.254801427247346446e+00 4.293490323982766199e+00 4.386448476027678289e+00
4.222991404213298772e+00 4.276317160942524787e+00 4.239353862117869909e+00 4.221715048160095130e+00 4.537995182448319120e+00 4.226401434334364104e+00 4.284724217156180792e+00 4.397305975925283938e+00
