3.040196603463488856e+00 3.333505974926643578e+00 3.172493601784968309e+00 3.211712028382045503e+00 2.953328518945614434e+00 3.323786683246816143e+00 3.184312327218114191e+00 2.982259112290804648e+00
4.167434475935732685e+00 4.235186769124102746e+00 4.230475534302851948e+00 4.221154403171031966e+00 4.191891836985997877e+00 4.207630410286570033e+00 4.200133744917523337e+00 4.181705568764737535e+00
4.197314821151207909e+00 4.243723949791445627e+00 4.223475858916077463e+00 4.258969114432102465e+00 4.229787025403313194e+00 4.178906834750486965e+00 4.231878954508253798e+00 4.191845170275019683e+00
4.205268579221838721e+00 4.246325213690085754e+00 4.210098948396784557e+00 4.243439519411138505e+00 4.251429672038735674e+00 4.182347863133670351e+00 4.258041479931248929e+00 4.211488749489675776e+00
4.246956334130013389e+00 4.219238839950291364e+00 4.248453482469986220e+00 4.266077363493686825e+00 4.275915141658221508e+00 4.169202078661214728e+00 4.217700399228397679e+00 4.181950886399854461e+00
4.152066055211310669e+00 4.219395481417907767e+00 4.311251698326879378e+00 4.246196008885951834e+00 4.313649811586316218e+00 4.205110476046016288e+00 4.196484542071316604e+00 4.191036956022717419e+00
4.229036008355093301e+00 4.241847092030168298e+00 4.320205589025044368e+00 4.226881579160681746e+00 4.267245498626548006e+00 4.152567564115155818e+00 4.202978783635817450e+00 4.193454758935545534e+00
4.153003503546319308e+00 4.288813985591849232e+00 4.268709366872787569e+00 4.250676751416158972e+00 4.341478062566870300e+00 4.149765079850875615e+00 4.232364750354210337e+00 4.223688289924865558e+00
4.240529922158890130e+00 4.305236538147617864e+00 4.352258837057846108e+00 4.182585079759923552e+00 4.275747332201206063e+00 4.199294035713498907e+00 4.230596335797009999e+00 4.222941573586957098e+00
4.208727345416845900e+00 4.268413709573769310e+00 4.365404177975555022e+00 4.309113453345298161e+00 4.204881513005088500e+00 4.238255705560115771e+00 4.251704064506716563e+00 4.211449012758247790e+00
