3.137128901459950381e+00 2.722690440484371255e+00 2.909116825561474773e+00 3.336248222550909137e+00 3.157467083285590004e+00 2.975666765849734663e+00 2.907770587943373730e+00 3.031824479257607230e+00
4.214389846085033753e+00 4.170021770835933062e+00 4.203035185759859793e+00 4.237566609272438001e+00 4.212593925691222374e+00 4.232548127305823193e+00 4.177269345231958475e+00 4.195920400182828303e+00
4.231599205414971365e+00 4.222837584459921523e+00 4.267295860569506161e+00 4.242066283928282999e+00 4.256180201181200218e+00 4.289473434901520221e+00 4.203731014390462484e+00 4.232993490298675887e+00
4.252136982464407744e+00 4.172257358034661578e+00 4.301488981022298042e+00 4.281716001498494073e+00 4.280988470497531395e+00 4.307681402141404270e+00 4.159920912406302129e+00 4.231233271888088510e+00
4.281405358883380252e+00 4.219985661239328500e+00 4.286425707022720744e+00 4.234211604740917956e+00 4.330936391628981141e+00 4.239277631654862155e+00 4.154019306316802940e+00 4.265142063256741167e+00
4.259156970166896983e+00 4.242409200719334805e+00 4.316021407699993873e+00 4.170012067056085847e+00 4.354978817500105848e+00 4.270387718367329555e+00 4.250220759471675436e+00 4.297548981695413772e+00
4.247515339031719073e+00 4.234933628149455842e+00 4.293302043034288751e+00 4.188823373156980168e+00 4.392539893553294661e+00 4.318087298683992437e+00 4.230527148006345328e+00 4.271744187602139142e+00
4.273121231272455134e+00 4.280513772989949395e+00 4.268981979804283178e+00 4.209584909019737253e+00 4.359638884724573948e+00 4.302458909605136661e+00 4.244327703140067243e+00 4.266838460874224026e+00
4.236046452851478072e+00 4.254440708390623271e+00 4.253418318752356875e+00 4.199465334386212056e+00 4.384334747803883658e+00 4.406115338190291553e+00 4.306483176562347026e+00 4.268322253306381597e+00
4.246753492430757504e+00 4.279831083978120176e+00 4.263134545057521763e+00 4.218176775489030916e+00 4.351162304817603577e+00 4.444883966380602125e+00 4.297606094366372531e+00 4.242633120137778491e+00
