3.496492145296455245e+00 3.434304104609461117e+00 3.172027521387068560e+00 3.185594136265580190e+00 3.182033312756187726e+00 3.002729340244996159e+00 2.975927843920189719e+00 3.193725629473487260e+00
4.219731328267289250e+00 4.286641653950472808e+00 4.214904776498931582e+00 4.214557766466644928e+00 4.216491503064637492e+00 4.201010024458622816e+00 4.219138898432551521e+00 4.286606458568880562e+00
4.292323197786290123e+00 4.356907692729403259e+00 4.240417104556451378e+00 4.199273511118125413e+00 4.229671978685638933e+00 4.248968936907027150e+00 4.266720697701850362e+00 4.278421771049170097e+00
4.301272435728154875e+00 4.323003093795922958e+00 4.273992464892418575e+00 4.277112827049717403e+00 4.240394092555970218e+00 4.265718879570413513e+00 4.236219191823927588e+00 4.263198734707457582e+00
4.311474983112228543e+00 4.247240197560525843e+00 4.345477357478054969e+00 4.288497905623581907e+00 4.229171268541864315e+00 4.340118081122157356e+00 4.221673039882654521e+00 4.224349348211862143e+00
4.286398148541982422e+00 4.245154982474142358e+00 4.313453116880997307e+00 4.278722846339279684e+00 4.262045040714614430e+00 4.422675075668091260e+00 4.258590125211880739e+00 4.215161426938986544e+00
4.302326755064301622e+00 4.264372112292399208e+00 4.249992398697798990e+00 4.342655956776191317e+00 4.319666882984066092e+00 4.471615181170324860e+00 4.227358937526961569e+00 4.244835234679014135e+00
4.189111107713594961e+00 4.249544394569696237e+00 4.280313896952067765e+00 4.358795860571472502e+00 4.327355438799743048e+00 4.452798991488284841e+00 4.290375134113313393e+00 4.210924191749245260e+00
4.254260846006955532e+00 4.275070431358852119e+00 4.249991235725761207e+00 4.356668034790180499e+00 4.334284061845693259e+00 4.444420469743720403e+00 4.289377708142618317e+00 4.202241774356465953e+00
4.302960131930988474e+00 4.271846456945440629e+00 4.250049885786978621e+00 4.331174613351809199e+00 4.335259367305028810e+00 4.461927116294883255e+00 4.254914754159052848e+00 4.215707290692932929e+00
