3.361749706065947585e+00 3.439440545209623945e+00 3.249564426314407672e+00 2.922406635053111490e+00 3.081588611556820290e+00 3.376641757764304419e+00 3.235013814298626222e+00 3.359350158536575925e+00
4.210676178339778808e+00 4.218593467461002611e+00 4.259543333580972480e+00 4.220114200169347463e+00 4.216821017673560767e+00 4.225289540695174928e+00 4.202151674244244184e+00 4.246426271616598136e+00
4.275140718095692627e+00 4.290665178040631744e+00 4.278851074914943986e+00 4.231443097802086051e+00 4.267490918911699183e+00 4.214921817488484379e+00 4.200315422946320432e+00 4.337047139475171065e+00
4.263498457893098781e+00 4.366680189565433245e+00 4.231099494330958777e+00 4.246669314317529142e+00 4.302748461804387858e+00 4.286618892900248667e+00 4.267061018732856148e+00 4.271880191653921521e+00
4.274232955791473110e+00 4.342194871967914871e+00 4.276563988661600924e+00 4.252565797413176973e+00 4.319645287303938375e+00 4.330519989853419460e+00 4.270482354860938301e+00 4.253723955334908879e+00
4.319604638046571132e+00 4.363214108563560067e+00 4.233120786311493688e+00 4.324450120124200048e+00 4.329719361665011590e+00 4.347234297040229123e+00 4.258055070200382097e+00 4.273932336389091091e+00
4.314690359556107246e+00 4.423040498751742433e+00 4.195367349041432270e+00 4.414754231939050477e+00 4.384577454004727315e+00 4.300264391193937108e+00 4.227486635753892941e+00 4.346157768154822243e+00
4.321767747826578798e+00 4.483310506914497395e+00 4.189238679279917221e+00 4.375486641569234614e+00 4.375158612797348745e+00 4.303705954338793660e+00 4.225874360178086597e+00 4.408020630657421002e+00
4.288215869233294342e+00 4.532346151054728267e+00 4.203403062887707264e+00 4.429730853293873949e+00 4.391750763111985201e+00 4.379314776041499435e+00 4.227556833900090183e+00 4.359597050930427820e+00
4.271913783026469957e+00 4.519920644572495760e+00 4.239969432487214362e+00 4.484789230315642250e+00 4.327980828813425163e+00 4.322933150237148858e+00 4.291874714553522985e+00 4.365715454861320843e+00
