7.624618986159398482e+00 5.914481857371297613e-01
8.723231274827508486e+00 1.087292395543957513e+00
9.570529135214711047e+00 1.347402013315075919e+00
1.033266918726160810e+01 1.568451594757673595e+00
1.105860619064454475e+01 1.737426184219648340e+00
1.176775371255093106e+01 1.953699725414523192e+00
1.246880607261798879e+01 2.188098977971516756e+00
1.316588253131782515e+01 2.366105384523469191e+00
1.386098857636310200e+01 2.515729602275371679e+00
1.455511375211102454e+01 2.558897081548062502e+00
1.524874957182068869e+01 2.735500374446480087e+00
1.594214098244656874e+01 2.629965367287292910e+00
1.663541025567500142e+01 2.651551344274074573e+00
1.732861847697966340e+01 2.633894950295723625e+00
1.802179617651478338e+01 2.734604340086068230e+00
1.871495861621304257e+01 2.748419690299870766e+00
1.940811342625483249e+01 2.616727820295356111e+00
