7.624618986159398482e+00 3.468299603506814766e-01
8.723231274827508486e+00 9.304176719305343735e-01
9.570529135214711047e+00 1.214188726871511248e+00
1.033266918726160810e+01 1.425765225635822420e+00
1.105860619064454475e+01 1.629619365598916181e+00
1.176775371255093106e+01 1.823946281111306300e+00
1.246880607261798879e+01 2.023823793522564696e+00
1.316588253131782515e+01 2.252506886197732427e+00
1.386098857636310200e+01 2.385875138597443712e+00
1.455511375211102454e+01 2.617510661831970342e+00
1.524874957182068869e+01 2.830527983120572522e+00
1.594214098244656874e+01 2.841687563216384937e+00
1.663541025567500142e+01 2.892292428125942561e+00
1.732861847697966340e+01 2.785201450970399506e+00
1.802179617651478338e+01 2.754122397932323718e+00
1.871495861621304257e+01 2.911417002331368131e+00
1.940811342625483249e+01 2.817009606310496572e+00
