7.624618986159398482e+00 1.645029168749778115e-01
8.723231274827508486e+00 8.021151072034108376e-01
9.570529135214711047e+00 1.133028134362156658e+00
1.033266918726160810e+01 1.358403036529229668e+00
1.105860619064454475e+01 1.542790536828243519e+00
1.176775371255093106e+01 1.780613340337053208e+00
1.246880607261798879e+01 1.981969287328673168e+00
1.316588253131782515e+01 2.220957243107761769e+00
1.386098857636310200e+01 2.422759808498583300e+00
1.455511375211102454e+01 2.678649804081729702e+00
1.524874957182068869e+01 2.860504819918093578e+00
1.594214098244656874e+01 2.902279065054867324e+00
1.663541025567500142e+01 3.055353076138968227e+00
1.732861847697966340e+01 3.082501315993838364e+00
1.802179617651478338e+01 2.978112885241122498e+00
1.871495861621304257e+01 2.930149150565112492e+00
1.940811342625483249e+01 3.097929941342661753e+00
