3.178258252213464807e+00 2.862342195068635409e+00 3.237177720069580822e+00 3.137936105772401785e+00 3.278074078419191739e+00 2.651485139639605748e+00 2.641845979814607226e+00 3.051794509540375788e+00
4.171834695804918169e+00 4.137192519099170518e+00 4.155137244805372276e+00 4.159373161127992269e+00 4.225519434662154517e+00 4.212803770334331510e+00 4.153777103980118568e+00 4.152354023469291278e+00
4.179492370252635425e+00 4.160837738181562884e+00 4.146192785437623485e+00 4.221909273731466072e+00 4.233112959536427411e+00 4.233125549233138329e+00 4.207304085368949842e+00 4.183100800454311319e+00
4.185341442721303373e+00 4.146751214322493162e+00 4.121965044160865510e+00 4.204980594468575639e+00 4.220625558910414021e+00 4.149944720307606083e+00 4.243432446929357837e+00 4.204782378406959786e+00
4.122465258333511073e+00 4.214559869698621064e+00 4.195886663210816714e+00 4.266258582569415481e+00 4.169105908192412002e+00 4.227606631137618365e+00 4.211017644718000774e+00 4.154035812755297208e+00
4.233099439502239214e+00 4.357979396040065900e+00 4.246289846110946620e+00 4.264660750938589651e+00 4.183927473773368710e+00 4.203646301314980960e+00 4.319759700114420120e+00 4.194297532512559989e+00
4.190924192267221571e+00 4.290062630370973906e+00 4.150659481161517839e+00 4.248668050626748460e+00 4.206998599122783844e+00 4.199809776145557727e+00 4.261918126318959388e+00 4.225591156758734535e+00
4.219291508414880099e+00 4.241077464679516851e+00 4.152219282277468615e+00 4.238996903076871270e+00 4.242587054220225973e+00 4.209392474219860070e+00 4.184204059949293786e+00 4.250123442968204657e+00
4.145680531933300550e+00 4.196061093515985441e+00 4.164350932187521614e+00 4.184691351794217695e+00 4.273857940853332593e+00 4.249934029435187277e+00 4.177786682361408488e+00 4.305252096267496498e+00
4.252011861885810262e+00 4.207932650288348952e+00 4.196149634784114291e+00 4.311066545054200283e+00 4.276309368521668652e+00 4.325291874849552798e+00 4.204866732801350260e+00 4.189257797854171628e+00
