2.938096314281272381e+00 3.028830200688283014e+00 2.665059351700003187e+00 3.614938477865119903e+00 2.971793477456159849e+00 2.846864473641315563e+00 2.816134918564935141e+00 2.789776986039607554e+00
4.143918012538606810e+00 4.112280124672317960e+00 4.104244594085160180e+00 4.241824135831743448e+00 4.133717830215463351e+00 4.131463067196150085e+00 4.150330768078188903e+00 4.152828450967866125e+00
4.156651166029593725e+00 4.109752320372753509e+00 4.170536750966948425e+00 4.192069008944778297e+00 4.148909159949243808e+00 4.165519900254795793e+00 4.173926089994806077e+00 4.193820294785061797e+00
4.132927803361566177e+00 4.144038540520083913e+00 4.170476453815301632e+00 4.152421716103865457e+00 4.179849057904282184e+00 4.159723644629949924e+00 4.167949829327416644e+00 4.239696088923645689e+00
4.168281547361642581e+00 4.110778066253981677e+00 4.180528636085376171e+00 4.155691937789661949e+00 4.202428269264526506e+00 4.163007250755719646e+00 4.168300194356360677e+00 4.337117953508340840e+00
4.150123785724261438e+00 4.143330991649690098e+00 4.199812099640053198e+00 4.192175035943833450e+00 4.178175377660005907e+00 4.154885367152862052e+00 4.193720181617313969e+00 4.370675867964009420e+00
4.160859782864442913e+00 4.193811830950161301e+00 4.269689466493116647e+00 4.210135074199688354e+00 4.167554969312115887e+00 4.203507786029460291e+00 4.134637569760121423e+00 4.282128702425116451e+00
4.141516223376171979e+00 4.233702223988890623e+00 4.298020096132742829e+00 4.191449092236574359e+00 4.192389602898477285e+00 4.201301234902478754e+00 4.152050181563532227e+00 4.214555069772654150e+00
4.145631111414746606e+00 4.269346198881211585e+00 4.341872134282303897e+00 4.164372310297761892e+00 4.235782719347953140e+00 4.174234505748191992e+00 4.151377686665495226e+00 4.211801325573227395e+00
4.153317139598769359e+00 4.346753250845750038e+00 4.303745661497187847e+00 4.206619411942609688e+00 4.235090728742516575e+00 4.257058287412089470e+00 4.148151039590564970e+00 4.212490807384162927e+00
