3.036596358868454359e+00 3.288205797410332920e+00 3.121196635493417304e+00 3.139388326789635197e+00 3.079160606737660455e+00 2.904687139089138004e+00 3.356968402157978204e+00 3.370449363536557552e+00
4.125774445555732584e+00 4.197293629453470842e+00 4.142222721344906766e+00 4.131096895037734029e+00 4.126988519600115701e+00 4.128536266329028592e+00 4.151442161750724225e+00 4.226930683557598378e+00
4.130739940069137361e+00 4.227338365800640929e+00 4.153513662515649685e+00 4.145967913104147584e+00 4.139111065565412417e+00 4.140609412937914513e+00 4.143308319549731777e+00 4.182562996481751227e+00
4.167989592869665749e+00 4.310651985807622211e+00 4.151698795504336736e+00 4.155918956955741095e+00 4.114938149028236403e+00 4.152813938621831902e+00 4.161977498050430491e+00 4.109832737417925763e+00
4.164383619950090321e+00 4.338214581683191184e+00 4.162428520222452910e+00 4.179549110769012366e+00 4.112705858621138688e+00 4.157999252659791090e+00 4.163973645911396737e+00 4.144409129970775041e+00
4.133424828560170461e+00 4.270648265712987168e+00 4.176805574301980961e+00 4.212479332238018515e+00 4.123493181252615436e+00 4.176837489950549376e+00 4.202634873996903941e+00 4.187542149262164948e+00
4.111186382243550597e+00 4.229453018110496565e+00 4.151438147825246894e+00 4.220361077304819020e+00 4.130004326686473881e+00 4.157875080904636533e+00 4.196926224372352188e+00 4.167965022913059592e+00
4.160925144661101527e+00 4.148371303501925844e+00 4.153269914039327659e+00 4.207693288917263352e+00 4.151231432204236960e+00 4.141494616499375780e+00 4.169738006367530225e+00 4.165254941300975844e+00
4.133350072615356474e+00 4.101806525657243796e+00 4.147596338355932666e+00 4.258663470559163500e+00 4.143481984169713250e+00 4.165985028106613086e+00 4.211556229084876257e+00 4.124387246064856960e+00
4.184918121406139058e+00 4.092847789681279380e+00 4.125994113682583730e+00 4.263320325759222484e+00 4.215755301624015239e+00 4.159110385216930439e+00 4.252162379134403203e+00 4.159524130895497329e+00
