2.724876035573436717e+00 2.812588548064618443e+00 2.853054028375976436e+00 3.152986432692698848e+00 3.432715888065220433e+00 2.959218682327346084e+00 2.829328162546348668e+00 3.300650801361314723e+00
4.141443320869819367e+00 4.096968402951056909e+00 4.152440834401007308e+00 4.160413538092759822e+00 4.206996182160826159e+00 4.141542935594820563e+00 4.111522564773477662e+00 4.170989021349856607e+00
4.268507355484573829e+00 4.141847845547944829e+00 4.126987043157323676e+00 4.167567486215590478e+00 4.195112043785806044e+00 4.152475166849361798e+00 4.161017826545503340e+00 4.169379708046386135e+00
4.380411470344987457e+00 4.177286122642347443e+00 4.140101730139619463e+00 4.187042774548118906e+00 4.167191667873209937e+00 4.184948276073450657e+00 4.203352603971882040e+00 4.177108424758299243e+00
4.434191137730612020e+00 4.230576113852452913e+00 4.191103957507686495e+00 4.156486236299293147e+00 4.149018684168456872e+00 4.170185984005357227e+00 4.274565187449564263e+00 4.190755734017971967e+00
4.444465072072659062e+00 4.199986342381775373e+00 4.244078067959977218e+00 4.153321030756624843e+00 4.152992853682788699e+00 4.136123224876890880e+00 4.368335450889802019e+00 4.148925500387043108e+00
4.404923604693602002e+00 4.165247043450222009e+00 4.270340367945463456e+00 4.139792432993531612e+00 4.175916755158812776e+00 4.120232222593936733e+00 4.325795509828599172e+00 4.193860137293983215e+00
4.391810259489429491e+00 4.152306716745861159e+00 4.229308344480360304e+00 4.164718980354025213e+00 4.126918568143143951e+00 4.131373153857484049e+00 4.295180327159988209e+00 4.189603397251588923e+00
4.404022074105196971e+00 4.149270037160158964e+00 4.170071430247351607e+00 4.212005450978845822e+00 4.148150644627166095e+00 4.149103061218447408e+00 4.331524017026587181e+00 4.186249553538665680e+00
4.370442916910891817e+00 4.153967539980041757e+00 4.148375128807783696e+00 4.203303607991415447e+00 4.173016336676869109e+00 4.146555886313457506e+00 4.399172814017219935e+00 4.223656421196338329e+00
