3.030861972336614141e+00 3.228694508746853931e+00 3.390800638352384322e+00 3.148058906708679938e+00 3.132314742720371470e+00 2.910224102553700121e+00 3.085789846918375989e+00 3.055517825768366613e+00
4.129578776840176602e+00 4.151020847273514391e+00 4.164319919569749118e+00 4.180157368766531434e+00 4.155340705158171666e+00 4.145163978218881162e+00 4.133942961764013546e+00 4.150548127732693438e+00
4.106434581175029130e+00 4.137475574066066919e+00 4.143468724772413125e+00 4.163747372657518042e+00 4.186303961227453740e+00 4.166543642642770884e+00 4.157617979961327315e+00 4.223526715920036700e+00
4.149399085579593915e+00 4.148839554047503597e+00 4.149725058659588406e+00 4.152946954877106300e+00 4.203846088519450852e+00 4.206291890307580772e+00 4.140122453599855312e+00 4.279390182066331150e+00
4.143259145144995159e+00 4.123310170054441670e+00 4.170355916507563876e+00 4.223981318139243157e+00 4.224724914555253896e+00 4.201164428712104382e+00 4.146374693227908637e+00 4.241218406287449838e+00
4.155048059167137708e+00 4.180606478417992378e+00 4.172410058297640667e+00 4.193470215920029887e+00 4.259371733437204099e+00 4.161514516832786725e+00 4.174332410627143553e+00 4.225899166310397526e+00
4.193882944892246556e+00 4.205171820374514979e+00 4.168105869947596354e+00 4.183371496457442440e+00 4.250368907721769673e+00 4.196087585354617566e+00 4.196955719486022751e+00 4.208782224612530598e+00
4.194563957653883790e+00 4.159560437226264007e+00 4.142285268567308165e+00 4.185149569593888508e+00 4.226566101012710241e+00 4.228979832929438132e+00 4.213328358687123298e+00 4.214206731919915683e+00
4.216433495797917708e+00 4.144788207687881254e+00 4.176204942520898911e+00 4.185173278773313577e+00 4.171692078612241339e+00 4.189761214533448630e+00 4.192215528410558889e+00 4.240929845100193774e+00
4.206400426720334096e+00 4.135899526644269741e+00 4.198235651831414117e+00 4.177215203007409450e+00 4.174065308198736446e+00 4.205399155782552967e+00 4.203045520951037339e+00 4.301214770978046609e+00
