3.457774275996107427e+00 2.948644159009120802e+00 2.958101321380008031e+00 2.909351142116033184e+00 2.930003007954676608e+00 3.382241178073933874e+00 3.000961098499888458e+00 2.994184618220566474e+00
4.208191954914131117e+00 4.120674654952086513e+00 4.148266002929212881e+00 4.121788028396913717e+00 4.105843386367825865e+00 4.169252827836716691e+00 4.103714004337398968e+00 4.132105351549579808e+00
4.241465557414834109e+00 4.215570785814037436e+00 4.118297699218198993e+00 4.157749961030026142e+00 4.190560140237871600e+00 4.196928827984563348e+00 4.123512499723530844e+00 4.137781569637321688e+00
4.222562973737317371e+00 4.241858008187560536e+00 4.119434662715278250e+00 4.157888445617557771e+00 4.272498439419410765e+00 4.228238078568191227e+00 4.179509053487306502e+00 4.181434023103416386e+00
4.174831898334664615e+00 4.175227939043201886e+00 4.149536886962291504e+00 4.128352929764377954e+00 4.249428585899478250e+00 4.205138003445479278e+00 4.227307591423331345e+00 4.187950990767927983e+00
4.140147262150384755e+00 4.190104267736625587e+00 4.141032512717504055e+00 4.144259176004386092e+00 4.211320649814287442e+00 4.175880075484143639e+00 4.196935796892761417e+00 4.197520964645462982e+00
4.172974616538979831e+00 4.221876021775653243e+00 4.128177156625516986e+00 4.155032282120842524e+00 4.251322087281279138e+00 4.161029840575169558e+00 4.225801830889090560e+00 4.193096797750458293e+00
4.181893017084471253e+00 4.202224626089203774e+00 4.145991997058870560e+00 4.167649882591113908e+00 4.228979916682069629e+00 4.154354239026144313e+00 4.188442730309128947e+00 4.168748080198284356e+00
4.229104739805388924e+00 4.172191447996446811e+00 4.173918858486096006e+00 4.182399376605506092e+00 4.159052427185533141e+00 4.198853337616457182e+00 4.173368362824928290e+00 4.177991979085467378e+00
4.275057923384679270e+00 4.194502900280070889e+00 4.140119863021384461e+00 4.151221797288832782e+00 4.118425260825079093e+00 4.235654771037834720e+00 4.186231839593321347e+00 4.222138726847683543e+00
