2.982690061320429908e+00 2.961383394540876068e+00 2.978987016522061548e+00 3.093915423987782187e+00 2.685870785879872269e+00 2.854144576734047423e+00 2.674628664127702837e+00 3.352790993545512688e+00
4.159318971693493516e+00 4.137712476219387980e+00 4.164047198109976478e+00 4.133259037045496243e+00 4.105759936962562584e+00 4.127091582867585373e+00 4.125840441136177539e+00 4.166609546954212817e+00
4.158039726607251296e+00 4.147234025838696603e+00 4.185938824840396144e+00 4.111067656567198192e+00 4.156648191543509618e+00 4.157541921069090485e+00 4.187737414027381533e+00 4.160489098252196705e+00
4.194747787371522207e+00 4.144231614922643914e+00 4.208364170240835200e+00 4.153235685768229324e+00 4.168794834002151894e+00 4.158269870373175081e+00 4.194609597629778364e+00 4.149964902431903191e+00
4.233341120911124911e+00 4.168132235677395769e+00 4.173463537583652183e+00 4.126821422282579199e+00 4.193167825597400089e+00 4.154578668056051249e+00 4.216068107169578028e+00 4.128259882274559089e+00
4.194770369606039218e+00 4.198426825080421310e+00 4.144697324920153747e+00 4.131578947551565406e+00 4.173358675455022926e+00 4.169094640691495712e+00 4.189813665627930561e+00 4.193101436386954539e+00
4.140542791410014800e+00 4.151638010909529442e+00 4.151549866029664138e+00 4.143948096104123735e+00 4.142486899943647494e+00 4.162674098881359086e+00 4.135237798888730332e+00 4.223182846996143880e+00
4.139196539676592401e+00 4.201836621126322946e+00 4.119767644522806194e+00 4.128965650848724245e+00 4.142312002372833035e+00 4.144884282604216708e+00 4.134577646793079708e+00 4.193208559484601139e+00
4.113714582066765324e+00 4.232710437465060593e+00 4.123750487613695448e+00 4.155878408187095197e+00 4.145280634817409826e+00 4.133155717644631189e+00 4.159266065040363891e+00 4.149787720535059954e+00
4.116057378843319015e+00 4.249376143779962867e+00 4.125819109504731408e+00 4.143509491675702705e+00 4.175976891552648951e+00 4.108895451869075011e+00 4.131290913443399937e+00 4.119577083910401782e+00
