3.247551178468974342e+00 2.963056082027355487e+00 2.775471513671335710e+00 3.245686158265094878e+00 2.687833755885228548e+00 3.201433181509349524e+00 2.949301557849391298e+00 2.932379080508113134e+00
4.156270785560385761e+00 4.174379614129346550e+00 4.135006074573851720e+00 4.142376068981554305e+00 4.136084547917192822e+00 4.159807865822277684e+00 4.098459943028817776e+00 4.125470628426935349e+00
4.125759855011589039e+00 4.188519143430181835e+00 4.166867079543147945e+00 4.151931628379340822e+00 4.155474005754408395e+00 4.200618140543615375e+00 4.158837872617477061e+00 4.146693907352032582e+00
4.113565563344663722e+00 4.178066444459878070e+00 4.128934592154766214e+00 4.150352100141164513e+00 4.134165068741024740e+00 4.161616482577354503e+00 4.131599368636051040e+00 4.140365373151676742e+00
4.192013622857611921e+00 4.201299664657904387e+00 4.142119199526413276e+00 4.120836377624860880e+00 4.162563107457529554e+00 4.158621677099855418e+00 4.117269508231489183e+00 4.186596389096568949e+00
4.169061845355187756e+00 4.236242232333468749e+00 4.152476948200427564e+00 4.158953910540924781e+00 4.193263163893701240e+00 4.178941963602101239e+00 4.167387003375170984e+00 4.209428650574713160e+00
4.142093934685717294e+00 4.270025114107492747e+00 4.173094721993284573e+00 4.186430121090731760e+00 4.193604389450928949e+00 4.190389469336484929e+00 4.208794166088726030e+00 4.172620509017537671e+00
4.145259899085044886e+00 4.249105889543683290e+00 4.153786807355364985e+00 4.140702350599312354e+00 4.209093377607345587e+00 4.160459007096497075e+00 4.219337810306180714e+00 4.210643518530023499e+00
4.182205214809050275e+00 4.273684992717193154e+00 4.184437888672207784e+00 4.126777513193416347e+00 4.186483119112199169e+00 4.135848559522639967e+00 4.188240619168596801e+00 4.182023115278803438e+00
4.265499219087560689e+00 4.318660604212499976e+00 4.235497021130101736e+00 4.146392398303935245e+00 4.199935996659529991e+00 4.156928011271477708e+00 4.193717855290561403e+00 4.174268697350079549e+00
