2.965441509126308883e+00 3.029865438714933745e+00 3.162340091962962507e+00 3.023999945406652401e+00 3.194503382621363574e+00 3.341981058330458776e+00 3.158241036624781728e+00 2.954665124628389261e+00
4.131889360823985946e+00 4.154185524560064735e+00 4.176748598515118260e+00 4.183150905005543763e+00 4.144181012941239750e+00 4.199882656509960732e+00 4.138740025571477688e+00 4.126499623255750926e+00
4.150989070064506237e+00 4.200779736997473535e+00 4.182915974683206528e+00 4.193079254909511278e+00 4.157590980731442620e+00 4.234956676468436321e+00 4.219432898918608288e+00 4.115611408540213567e+00
4.121142012162213319e+00 4.187402677043592369e+00 4.152912658372445165e+00 4.217945895943252310e+00 4.155249345817732198e+00 4.155858276598201506e+00 4.198054010020631388e+00 4.134756642464806120e+00
4.113744896252095273e+00 4.173952869883587269e+00 4.119606141508335817e+00 4.195459767433397325e+00 4.130007434913070874e+00 4.177926965756198818e+00 4.152251949675228815e+00 4.149926377928848886e+00
4.118173021390277633e+00 4.161565260921940457e+00 4.143210168754363210e+00 4.167706020245729448e+00 4.118097217759233430e+00 4.189234411521250756e+00 4.151594117026696118e+00 4.120515483961284531e+00
4.157555758508205024e+00 4.158100141182258902e+00 4.154265052795728330e+00 4.141651914356256015e+00 4.155214498877431772e+00 4.178991817447666790e+00 4.151009421131718113e+00 4.129162997500323229e+00
4.145660802503376985e+00 4.170819620604035549e+00 4.145535898207327818e+00 4.148547041592920870e+00 4.171317810559574291e+00 4.142956433544189743e+00 4.133086054390206598e+00 4.152739496527826368e+00
4.160350969056456627e+00 4.147392387231455757e+00 4.183275546593022476e+00 4.131579295942732877e+00 4.175221704106703235e+00 4.105034546306188581e+00 4.181361483638262655e+00 4.225797231441638324e+00
4.151345925447293972e+00 4.178157001118637304e+00 4.125161291012111597e+00 4.120189544682761884e+00 4.191687758584133228e+00 4.126226109929601371e+00 4.216093887083603775e+00 4.242089411975194402e+00
