3.193204213816054349e+00 2.473032164993542725e+00 3.093620018039366482e+00 3.136499379092620110e+00 3.306245943268355969e+00 3.234652116383112563e+00 3.103177808955877470e+00 2.920676971130452770e+00
4.156405243598297439e+00 4.133861646515628152e+00 4.181996558083123539e+00 4.172744547416940897e+00 4.139536808651194555e+00 4.136020578591888430e+00 4.159724589924326921e+00 4.145961855162323850e+00
4.165470982567101466e+00 4.172116509915281490e+00 4.270383793170756448e+00 4.162361827951959192e+00 4.150440115334729008e+00 4.121430473761216184e+00 4.200381094984647845e+00 4.169519195539340473e+00
4.154468843416140977e+00 4.233047591767491014e+00 4.326983635930844230e+00 4.164706432424270410e+00 4.174797030365063222e+00 4.126892535566130782e+00 4.192406246085999655e+00 4.191538349229629645e+00
4.162354524073463402e+00 4.245576489132171893e+00 4.308396155462300925e+00 4.138719055884982012e+00 4.174831151532040430e+00 4.136453473777617518e+00 4.190225926494687059e+00 4.139704675941808354e+00
4.191536828615546995e+00 4.299988875407909639e+00 4.288198817363576332e+00 4.125266612775789987e+00 4.183172587672893350e+00 4.145760863245071093e+00 4.202952030466154731e+00 4.146795408629486701e+00
4.168992957460705640e+00 4.297462489042371381e+00 4.266543021558889315e+00 4.150848445199500247e+00 4.198326897019441617e+00 4.189333880892787576e+00 4.165080385467985202e+00 4.113786654807808141e+00
4.235109358195676243e+00 4.250386571177526385e+00 4.229964751391504407e+00 4.147686175976042833e+00 4.163240220516703616e+00 4.196185057439807409e+00 4.142916866981192214e+00 4.133425482653383831e+00
4.247994668795715967e+00 4.242215943857000404e+00 4.236091238465515829e+00 4.126250227058483766e+00 4.178373567235124320e+00 4.167111091009890522e+00 4.131411055817437727e+00 4.134022696599029878e+00
4.216564433622750130e+00 4.259987843164788401e+00 4.245013875863437036e+00 4.147661109924660749e+00 4.188413266843070915e+00 4.177152842987117864e+00 4.139971634157009639e+00 4.162521452262024191e+00
