3.131197407165219104e+00 3.119173425711819991e+00 3.109003677652042885e+00 3.231264366098637542e+00 2.728465754984312319e+00 2.846186079305136118e+00 2.741166524554329964e+00 3.161184502537301988e+00
4.155517480918175188e+00 4.183453504261281708e+00 4.202048971550804701e+00 4.158791516753109541e+00 4.158671019736114083e+00 4.159272549885134396e+00 4.159076198794561918e+00 4.195957486440348383e+00
4.128242895544048885e+00 4.204138174716178789e+00 4.203786722016534583e+00 4.142146399481110741e+00 4.181152981122080448e+00 4.177465092010317349e+00 4.173350097135687164e+00 4.265000014767343472e+00
4.146398341045371083e+00 4.150585340646324006e+00 4.161328961272956484e+00 4.120423299366166248e+00 4.137308792979478511e+00 4.119225467049078659e+00 4.162202616847341829e+00 4.270821361543230665e+00
4.148075414923960480e+00 4.145846535652854215e+00 4.144275852198630261e+00 4.129873605915547863e+00 4.186992552804889023e+00 4.113220401202209331e+00 4.143224220863482188e+00 4.245214722956974995e+00
4.176341598093352481e+00 4.147976093957765897e+00 4.132224462760492045e+00 4.204504770703840322e+00 4.281500262176827221e+00 4.133594042546053338e+00 4.131748322710612875e+00 4.217609293645359081e+00
4.238822357613094560e+00 4.199135384322438824e+00 4.146845122359521518e+00 4.223465065172335997e+00 4.246228970375648615e+00 4.132327076512482655e+00 4.143093496617644256e+00 4.177005606649248470e+00
4.220873081199973953e+00 4.186162349788041581e+00 4.120352109408199404e+00 4.249937918345030319e+00 4.209822551620580278e+00 4.145469761283170129e+00 4.200497807335879408e+00 4.169526839055819778e+00
4.266329609872051343e+00 4.184588245790449967e+00 4.133579694914844893e+00 4.227277714016157262e+00 4.205569286138733709e+00 4.167546947782102329e+00 4.190537467588523413e+00 4.178736756548870446e+00
4.286160854898375838e+00 4.178867364079588143e+00 4.178793937491098731e+00 4.202973063038959900e+00 4.303066600185540658e+00 4.191836455254368765e+00 4.141770832383474321e+00 4.200948393914670120e+00
