3.083255834574014642e+00 3.250585783118289385e+00 3.304134130837292460e+00 3.278437220053200818e+00 2.991991487730501387e+00 3.017644987323756300e+00 3.257949248708471135e+00 3.221072662063489744e+00
4.182313385645418435e+00 4.153078636908723809e+00 4.181976336638609126e+00 4.162377679388745477e+00 4.085743103661033437e+00 4.168692535256193210e+00 4.145670926592807781e+00 4.187267001927913235e+00
4.188517210041695193e+00 4.170172671002471354e+00 4.143225353369864195e+00 4.145884159123332857e+00 4.176637107100243718e+00 4.199631095251858071e+00 4.176544792717247212e+00 4.196591873498043412e+00
4.185443951264327112e+00 4.165134124727299714e+00 4.113081978069317302e+00 4.124426938365553852e+00 4.231393428432268067e+00 4.183757790090792739e+00 4.255309987855479648e+00 4.203700560390023711e+00
4.210510610889096839e+00 4.149283895733717031e+00 4.129306589208136202e+00 4.115842569819141872e+00 4.235839370539240534e+00 4.158362633882021875e+00 4.287996972335795576e+00 4.182718071829790496e+00
4.191738770552700721e+00 4.146630833052132203e+00 4.135281427736118509e+00 4.177947856343955380e+00 4.210518636563274519e+00 4.149791443826219783e+00 4.236921166481202761e+00 4.156414783264096080e+00
4.171560496876359991e+00 4.129960228901937924e+00 4.113812506200602570e+00 4.201055253009317703e+00 4.227925597676274627e+00 4.139339260339886195e+00 4.189819935933482675e+00 4.121032948820488429e+00
4.163151889118080540e+00 4.139299483665050516e+00 4.115115076164281405e+00 4.173559419452630870e+00 4.173181886251811967e+00 4.137727509272769666e+00 4.196466736345919379e+00 4.126684495083621229e+00
4.152092697918559061e+00 4.128397654372622405e+00 4.117582834234024602e+00 4.201751800602786524e+00 4.167356869988362966e+00 4.160685493233420296e+00 4.224721848151280490e+00 4.154019222620018326e+00
4.117108178812163288e+00 4.149011229208905860e+00 4.139146887849862289e+00 4.187461550136192479e+00 4.178771669958772250e+00 4.131510828257681567e+00 4.222875944681076632e+00 4.154284617900660059e+00
