3.006270748922558855e+00 2.953300776104034853e+00 3.112816986660032814e+00 3.057210282813816793e+00 2.897045437624719888e+00 3.274499272071964562e+00 2.835341065824400708e+00 2.769659289318672890e+00
4.101789532327833498e+00 4.136298826168117948e+00 4.134719784565588085e+00 4.138553353575538551e+00 4.153493470592447778e+00 4.205725352815927742e+00 4.122647801662369105e+00 4.166120454898787351e+00
4.122871300349331136e+00 4.163263480854878296e+00 4.119479810447695733e+00 4.176239584002751748e+00 4.188345387350301152e+00 4.238299517763925550e+00 4.150991526603225346e+00 4.262659628283799407e+00
4.147881891858595793e+00 4.127318403514169454e+00 4.187738729296421880e+00 4.221862708309996215e+00 4.161462031385316784e+00 4.238487349113737146e+00 4.159483870590126031e+00 4.225867903873489873e+00
4.125282246675450182e+00 4.128525421787416327e+00 4.205751157885402769e+00 4.193604955682581625e+00 4.131776457956712889e+00 4.202700955135998839e+00 4.149728320482330979e+00 4.188855674500826076e+00
4.193243892714842325e+00 4.137354867765535182e+00 4.233657703908088266e+00 4.167907476615875240e+00 4.148351656897325768e+00 4.160241527916931581e+00 4.139756439611005590e+00 4.203287326215993325e+00
4.217596322220217964e+00 4.184745650585431243e+00 4.270371915692566134e+00 4.208594786294703738e+00 4.143181540200070678e+00 4.149030742126907256e+00 4.144485407342380689e+00 4.164064342437209021e+00
4.249796883274820303e+00 4.215147032227339885e+00 4.265147054621854394e+00 4.258527197005602893e+00 4.180512200728951910e+00 4.146852347534208505e+00 4.156197636664488826e+00 4.129593557706996876e+00
4.206777125765184699e+00 4.210873081687274144e+00 4.263323067714436476e+00 4.260533991755877103e+00 4.168679933662327919e+00 4.178626482601168313e+00 4.168606104705554927e+00 4.189697510718398910e+00
4.182129306267903246e+00 4.202393088591133363e+00 4.312393918489906497e+00 4.277370957908662952e+00 4.169662981363022602e+00 4.186689466546042127e+00 4.133542605144195470e+00 4.207957900607627089e+00
