2.959087466992541327e+00 2.936574455667302797e+00 3.083417528831181365e+00 3.321761789927138331e+00 3.239070287772736201e+00 3.073405496997020592e+00 3.245024701248401477e+00 3.176118009060406422e+00
4.120482838331473552e+00 4.141260994699726972e+00 4.141002123429957216e+00 4.192789512043844091e+00 4.174959209260337367e+00 4.134350828998605287e+00 4.174231217528125093e+00 4.160126129993699351e+00
4.182978061050783403e+00 4.149510419781057280e+00 4.186111966104639315e+00 4.160899864278853499e+00 4.162601975199012649e+00 4.130927692408285168e+00 4.198649698095115568e+00 4.174891326318371121e+00
4.207035584320957255e+00 4.172983317015199312e+00 4.216401236263338959e+00 4.156179387717692464e+00 4.186275226674914585e+00 4.135711324144491385e+00 4.223035459369318900e+00 4.171576818907642981e+00
4.185668958522901661e+00 4.196554160586011051e+00 4.167038697863818086e+00 4.168030407713358976e+00 4.179721864156305422e+00 4.114010584733896359e+00 4.202299617035831325e+00 4.153720909708369824e+00
4.163733399163915827e+00 4.205406227331573987e+00 4.149525677968876280e+00 4.191552908515475906e+00 4.172310706554170245e+00 4.151738667531651217e+00 4.174314919758988829e+00 4.129168427704827948e+00
4.159593090225083500e+00 4.201031038283048247e+00 4.258110386615382659e+00 4.159441706770111047e+00 4.182724978082409173e+00 4.166179466413202803e+00 4.129750467428499050e+00 4.175750911472831284e+00
4.133415832725924943e+00 4.199521328685579924e+00 4.295536986417017644e+00 4.140358008293162584e+00 4.203594551482630060e+00 4.202621576560082950e+00 4.189822678299299774e+00 4.129674894070600288e+00
4.101315899509407004e+00 4.213494402506207770e+00 4.258273569093525168e+00 4.131020617321203403e+00 4.199016806958197456e+00 4.173491431743689084e+00 4.235582460207795386e+00 4.132469069424471897e+00
4.181099057148157883e+00 4.154827895105762892e+00 4.229523635268465753e+00 4.128133624123221601e+00 4.164090998354152973e+00 4.152051294035307372e+00 4.193915090493923081e+00 4.182401515547222282e+00
