3.031206945374499639e+00 3.152900422489600896e+00 3.341811864801640386e+00 3.297614302795924601e+00 3.284183091368232610e+00 3.308019812483272482e+00 3.158689016285596729e+00 3.218665091273779311e+00
4.167254033432582716e+00 4.142805633776653451e+00 4.221021142816736571e+00 4.170303180319202774e+00 4.184461438178589177e+00 4.145461598985840546e+00 4.168528017815802400e+00 4.151498085483370737e+00
4.250465449934501372e+00 4.167282338043901468e+00 4.261951887596985955e+00 4.178343876583364036e+00 4.231924242859346208e+00 4.143187004672652662e+00 4.211796205121921766e+00 4.166507753374462553e+00
4.373403973312652404e+00 4.226101894156640171e+00 4.160005315809732984e+00 4.182645873472297993e+00 4.250216773182168062e+00 4.178913147299049946e+00 4.238715456374739787e+00 4.206499987894797066e+00
4.429734857142754834e+00 4.174329614956065804e+00 4.151102876428727662e+00 4.174975841031723256e+00 4.213726902315722889e+00 4.196528701130586292e+00 4.209932301692548506e+00 4.259813608159387144e+00
4.377069960037302643e+00 4.125269794517910427e+00 4.179909173337769346e+00 4.184519913832335902e+00 4.184682880650186121e+00 4.166791372096487756e+00 4.210502250568064042e+00 4.195643895226862874e+00
4.313730570399054720e+00 4.137215396785130395e+00 4.169228450793234231e+00 4.192474700302901702e+00 4.171494988944487226e+00 4.172001862396985672e+00 4.175569240397197568e+00 4.118028143638184702e+00
4.332028792870553424e+00 4.183588457344352918e+00 4.149185531362397761e+00 4.188654571476128297e+00 4.157258758367698981e+00 4.276338728079120521e+00 4.154720991698042987e+00 4.148514624302613640e+00
4.335545749533840088e+00 4.192652012057471289e+00 4.133474455700981487e+00 4.178862969351220258e+00 4.156964804349695619e+00 4.334925974920895264e+00 4.159434460599891636e+00 4.145755129682123119e+00
4.286336792446963528e+00 4.270634861019948048e+00 4.153969944566241246e+00 4.204052360678363520e+00 4.137695180821862273e+00 4.334285940642123691e+00 4.222649898695357784e+00 4.147730723564567512e+00
