8.160518247477504872e+00 8.160518247477504872e+00 8.160518247477504872e+00 8.160518247477504872e+00 8.160518247477504872e+00 8.160518247477504872e+00 8.160518247477504872e+00 8.160518247477504872e+00
8.922658299524401926e+00 8.922658299524401926e+00 8.922658299524401926e+00 8.922658299524401926e+00 8.922658299524401926e+00 8.922658299524401926e+00 8.922658299524401926e+00 8.922658299524401926e+00
9.350102314351341093e+00 9.350102314351341093e+00 9.350102314351341093e+00 9.350102314351341093e+00 9.350102314351341093e+00 9.350102314351341093e+00 9.350102314351341093e+00 9.350102314351341093e+00
9.648595302907338578e+00 9.648595302907338578e+00 9.648595302907338578e+00 9.648595302907338578e+00 9.648595302907338578e+00 9.648595302907338578e+00 9.648595302907338578e+00 9.648595302907338578e+00
9.878169744551838605e+00 9.878169744551838605e+00 9.878169744551838605e+00 9.878169744551838605e+00 9.878169744551838605e+00 9.878169744551838605e+00 9.878169744551838605e+00 9.878169744551838605e+00
1.006475570013225074e+01 1.006475570013225074e+01 1.006475570013225074e+01 1.006475570013225074e+01 1.006475570013225074e+01 1.006475570013225074e+01 1.006475570013225074e+01 1.006475570013225074e+01
1.022194128365466348e+01 1.022194128365466348e+01 1.022194128365466348e+01 1.022194128365466348e+01 1.022194128365466348e+01 1.022194128365466348e+01 1.022194128365466348e+01 1.022194128365466348e+01
1.035774282481372488e+01 1.035774282481372488e+01 1.035774282481372488e+01 1.035774282481372488e+01 1.035774282481372488e+01 1.035774282481372488e+01 1.035774282481372488e+01 1.035774282481372488e+01
1.047728797546350776e+01 1.047728797546350776e+01 1.047728797546350776e+01 1.047728797546350776e+01 1.047728797546350776e+01 1.047728797546350776e+01 1.047728797546350776e+01 1.047728797546350776e+01
1.058405595088921380e+01 1.058405595088921380e+01 1.058405595088921380e+01 1.058405595088921380e+01 1.058405595088921380e+01 1.058405595088921380e+01 1.058405595088921380e+01 1.058405595088921380e+01
