3.136523454684824408e+00 2.897177953549651352e+00 2.925091579047261359e+00 2.831784554710737645e+00 2.918171174040458116e+00 3.040329821819295120e+00 2.941189861097361469e+00 2.858644777925494207e+00
4.149169903442789575e+00 4.140372388258571235e+00 4.128862546110181775e+00 4.117737773996725359e+00 4.114189725595454483e+00 4.147076139867546196e+00 4.115733496860884522e+00 4.111691504675031084e+00
4.144258375884086298e+00 4.175907208993258735e+00 4.153386689416575628e+00 4.150116260308425176e+00 4.158502943564347909e+00 4.115498562067708477e+00 4.121075533775355737e+00 4.120926877093658014e+00
4.187700835861895676e+00 4.137300396276005543e+00 4.122884983397163694e+00 4.139205479528402343e+00 4.127331102815697150e+00 4.164850254890514414e+00 4.134333318049430162e+00 4.182253332064383322e+00
4.211777537445811070e+00 4.124659615637614074e+00 4.120171341496353001e+00 4.165933631467175324e+00 4.133681296194313681e+00 4.140681261097348020e+00 4.140378461480531236e+00 4.194249231464999284e+00
4.232179300637628927e+00 4.167322967981238691e+00 4.149937143293324304e+00 4.145296417446302506e+00 4.217886862789507418e+00 4.168058420919770413e+00 4.146075434211939026e+00 4.227659428269824105e+00
4.179676338461121965e+00 4.145067746851071711e+00 4.196792268097606637e+00 4.182224859333688372e+00 4.228110285128633627e+00 4.184575433261051636e+00 4.155015088298201320e+00 4.296583297796783718e+00
4.150993827273802950e+00 4.136666189233361379e+00 4.181884548197176699e+00 4.232087120226021959e+00 4.199093603639161287e+00 4.235126557002636183e+00 4.166221262881386167e+00 4.320981973386207819e+00
4.280621579738093097e+00 4.179148796541273470e+00 4.205572839702392152e+00 4.220446847806720747e+00 4.166428870607318480e+00 4.289722613634705972e+00 4.165845033457933333e+00 4.295170682918932670e+00
4.271800619228011797e+00 4.234394493405750914e+00 4.272376108823848107e+00 4.189515170134614941e+00 4.143113267230420504e+00 4.319159888854928298e+00 4.141012934609594076e+00 4.304639228962671815e+00
