8.160518247477504872e+00 8.160518247477504872e+00 8.160518247477504872e+00 8.160518247477504872e+00 8.160518247477504872e+00 8.160518247477504872e+00 8.160518247477504872e+00 8.160518247477504872e+00
8.922658299524401926e+00 8.922658299524401926e+00 8.922658299524401926e+00 8.922658299524401926e+00 8.922658299524401926e+00 8.922658299524401926e+00 8.922658299524401926e+00 8.922658299524401926e+00
9.350102314351341093e+00 9.350102314351341093e+00 9.350102314351341093e+00 9.350102314351341093e+00 9.350102314351341093e+00 9.350102314351341093e+00 9.350102314351341093e+00 9.350102314351341093e+00
9.648595302907338578e+00 9.648595302907338578e+00 9.648595302907338578e+00 9.648595302907338578e+00 9.648595302907338578e+00 9.648595302907338578e+00 9.648595302907338578e+00 9.648595302907338578e+00
9.878169744551838605e+00 9.878169744551838605e+00 9.878169744551838605e+00 9.878169744551838605e+00 9.878169744551838605e+00 9.878169744551838605e+00 9.878169744551838605e+00 9.878169744551838605e+00
1.006475570013225074e+01 1.006475570013225074e+01 1.006475570013225074e+01 1.006475570013225074e+01 1.006475570013225074e+01 1.006475570013225074e+01 1.006475570013225074e+01 1.006475570013225074e+01
1.022194128365466348e+01 1.022194128365466348e+01 1.022194128365466348e+01 1.022194128365466348e+01 1.022194128365466348e+01 1.022194128365466348e+01 1.022194128365466348e+01 1.022194128365466348e+01
1.035774282481372488e+01 1.035774282481372488e+01 1.035774282481372488e+01 1.035774282481372488e+01 1.035774282481372488e+01 1.035774282481372488e+01 1.035774282481372488e+01 1.035774282481372488e+01
1.047728797546350776e+01 1.047728797546350776e+01 1.047728797546350776e+01 1.047728797546350776e+01 1.047728797546350776e+01 1.047728797546350776e+01 1.047728797546350776e+01 1.047728797546350776e+01
1.058405595088921380e+01 1.058405595088921380e+01 1.058405595088921380e+01 1.058405595088921380e+01 1.058405595088921380e+01 1.058405595088921380e+01 1.058405595088921380e+01 1.058405595088921380e+01
1.068051621707677512e+01 1.068051621707677512e+01 1.068051621707677512e+01 1.068051621707677512e+01 1.068051621707677512e+01 1.068051621707677512e+01 1.068051621707677512e+01 1.068051621707677512e+01
1.076848499002273307e+01 1.076848499002273307e+01 1.076848499002273307e+01 1.076848499002273307e+01 1.076848499002273307e+01 1.076848499002273307e+01 1.076848499002273307e+01 1.076848499002273307e+01
1.084933708665182728e+01 1.084933708665182728e+01 1.084933708665182728e+01 1.084933708665182728e+01 1.084933708665182728e+01 1.084933708665182728e+01 1.084933708665182728e+01 1.084933708665182728e+01
1.092413829973452621e+01 1.092413829973452621e+01 1.092413829973452621e+01 1.092413829973452621e+01 1.092413829973452621e+01 1.092413829973452621e+01 1.092413829973452621e+01 1.092413829973452621e+01
1.099373159153372193e+01 1.099373159153372193e+01 1.099373159153372193e+01 1.099373159153372193e+01 1.099373159153372193e+01 1.099373159153372193e+01 1.099373159153372193e+01 1.099373159153372193e+01
1.105879518488078261e+01 1.105879518488078261e+01 1.105879518488078261e+01 1.105879518488078261e+01 1.105879518488078261e+01 1.105879518488078261e+01 1.105879518488078261e+01 1.105879518488078261e+01
1.111988287686062193e+01 1.111988287686062193e+01 1.111988287686062193e+01 1.111988287686062193e+01 1.111988287686062193e+01 1.111988287686062193e+01 1.111988287686062193e+01 1.111988287686062193e+01
1.117745272868209838e+01 1.117745272868209838e+01 1.117745272868209838e+01 1.117745272868209838e+01 1.117745272868209838e+01 1.117745272868209838e+01 1.117745272868209838e+01 1.117745272868209838e+01
1.123188793523711659e+01 1.123188793523711659e+01 1.123188793523711659e+01 1.123188793523711659e+01 1.123188793523711659e+01 1.123188793523711659e+01 1.123188793523711659e+01 1.123188793523711659e+01
1.128351230064242294e+01 1.128351230064242294e+01 1.128351230064242294e+01 1.128351230064242294e+01 1.128351230064242294e+01 1.128351230064242294e+01 1.128351230064242294e+01 1.128351230064242294e+01
