3.146562011125403124e+00 3.173644079796012374e+00 3.225790154607131033e+00 3.212180041952394927e+00 3.012128944371713413e+00 3.170247624681646226e+00 3.174003106794687668e+00 3.125613940434226024e+00
4.187602521707217917e+00 4.217090154719009831e+00 4.216222886788658641e+00 4.228678731327701001e+00 4.187400644234072544e+00 4.211367127321522297e+00 4.222972971088440275e+00 4.218675321154975677e+00
4.233767716922038460e+00 4.247010525770540390e+00 4.232959775391411661e+00 4.255862996086007932e+00 4.241484167469959488e+00 4.202200958286858246e+00 4.267017625284065474e+00 4.226406397261257553e+00
4.251422440477290898e+00 4.262001923390967839e+00 4.220428241175094186e+00 4.255572197416802815e+00 4.258176834934337407e+00 4.234966706367563560e+00 4.267245965794680629e+00 4.240383349447848005e+00
4.229983228808793072e+00 4.280487510556882924e+00 4.224398547367901102e+00 4.270227389382391436e+00 4.252383877854989613e+00 4.217192596363899426e+00 4.297799000622337218e+00 4.275637101315270527e+00
4.252724866472880727e+00 4.325409293206401884e+00 4.229521649572696163e+00 4.286303554732920240e+00 4.262638967180423677e+00 4.241962511686124593e+00 4.284593994085492241e+00 4.303246945942227342e+00
4.297666923703895137e+00 4.366829017825194725e+00 4.253081916150278197e+00 4.329634403701255962e+00 4.239484575782184628e+00 4.256717023312217130e+00 4.293381689721088357e+00 4.317575560560080739e+00
4.290516929978143601e+00 4.370200355555145855e+00 4.255578753844734052e+00 4.318556509256454845e+00 4.251625855611751881e+00 4.248362525121001099e+00 4.274835232677455465e+00 4.338556474291299203e+00
4.302441375559994619e+00 4.347198430588118612e+00 4.227427540666143457e+00 4.338326854804289034e+00 4.265925910501016105e+00 4.267189280183186995e+00 4.257726412256231718e+00 4.336130114554563875e+00
4.307608520338756186e+00 4.364444952721923343e+00 4.232290900136604250e+00 4.334903908402377937e+00 4.297026936508556716e+00 4.300008059786382120e+00 4.265935876159590912e+00 4.329232141247250532e+00
4.311119134202566983e+00 4.344165324156406882e+00 4.276821477163490037e+00 4.351158872731635263e+00 4.305337055977981997e+00 4.326415926319850058e+00 4.271317485767064603e+00 4.284586875503829440e+00
4.344422707333093214e+00 4.348579209774654508e+00 4.301130211057975217e+00 4.332524532570430686e+00 4.295814259769489496e+00 4.360541032540086626e+00 4.292088527582874846e+00 4.308201816811635609e+00
4.324145807474080172e+00 4.364432868128307774e+00 4.289688812937737517e+00 4.316147733565059319e+00 4.306821523352271974e+00 4.396909078063187870e+00 4.309438672766977341e+00 4.320689685568456895e+00
4.321694233509575156e+00 4.326732278646929331e+00 4.264073722320350868e+00 4.284038558733556989e+00 4.280407294436031407e+00 4.390214314208398250e+00 4.280807504101048266e+00 4.292693470901563835e+00
4.335348725397968117e+00 4.358298851860827661e+00 4.240052802748745187e+00 4.299162141357225408e+00 4.275195772701858132e+00 4.387363962506459991e+00 4.285939058039037519e+00 4.302277628559155964e+00
4.347134481742126688e+00 4.345818342067338413e+00 4.231103518800648722e+00 4.278988003805015872e+00 4.280034120973885692e+00 4.410512822106936071e+00 4.307896083959766642e+00 4.301967505880442744e+00
4.340297569113237053e+00 4.305045020202866723e+00 4.262803196241846670e+00 4.279214426300159246e+00 4.256940927507524286e+00 4.424733979945989937e+00 4.320920482485190561e+00 4.298542252503673389e+00
4.349371110742935365e+00 4.290655542365603203e+00 4.290773532555363090e+00 4.305767476949382555e+00 4.278661347837077855e+00 4.430233878200774633e+00 4.329282044755567327e+00 4.309371091731744485e+00
4.359531128440364611e+00 4.277297733813718139e+00 4.302928433051929069e+00 4.287732346924918225e+00 4.271098424752592493e+00 4.414871960228829550e+00 4.307643386631260007e+00 4.304740695041023635e+00
4.362960388748907903e+00 4.305105333650995014e+00 4.304093152409775414e+00 4.293754108107169287e+00 4.262028196004799874e+00 4.410431907559137166e+00 4.294517771944392770e+00 4.304617162520667506e+00
