8.317766166719342991e+00 9.290761765883516210e-01 9.553658673047220606e-01 9.020766342680973660e-01
9.416378455387453883e+00 1.279933085172396234e+00 1.328568354556700637e+00 1.228810962375234350e+00
1.026367631577465644e+01 1.528986659719618890e+00 1.597383161501584770e+00 1.455566364806214708e+00
1.102581636782155350e+01 1.747595093055816395e+00 1.823387586158605966e+00 1.665583517790488965e+00
1.175175337120449015e+01 1.954158361100504226e+00 2.034751957694955316e+00 1.866495542064473767e+00
1.246090089311087645e+01 2.180034182077412286e+00 2.283002584876268504e+00 2.065233263034231381e+00
1.316195325317793419e+01 2.379866733500119125e+00 2.552772708384106082e+00 2.170682388696934861e+00
1.385902971187777055e+01 2.587192386123509991e+00 2.801015828399738616e+00 2.314853357278499946e+00
1.455413575692304740e+01 2.663701137418775122e+00 2.930269629292427958e+00 2.299171136225082623e+00
1.524826093267096994e+01 2.750330845971827642e+00 2.977792167119760691e+00 2.455410801093353079e+00
1.594189675238063408e+01 2.677192380811806327e+00 2.977144601813088709e+00 2.246725854332889405e+00
1.663528816300651414e+01 2.616172038175980319e+00 2.855222527581443348e+00 2.301402855103007461e+00
1.732855743623494504e+01 2.782534833880605518e+00 3.082904058715290940e+00 2.351202072814966737e+00
1.802176565753960702e+01 2.782334522898675111e+00 2.999078719882740440e+00 2.505227869835207066e+00
1.871494335707472700e+01 2.673881875006053122e+00 2.921606403848581390e+00 2.343839158864476246e+00
1.940810579677298975e+01 2.636149375770178160e+00 2.873871255067655728e+00 2.323687623889407305e+00
