8.317766166719342991e+00 7.367649736775527813e-01 7.608784532043275650e-01 7.120556364690328044e-01
9.416378455387453883e+00 1.168286855842678440e+00 1.205948761880569986e+00 1.129150831482838235e+00
1.026367631577465644e+01 1.415498673445933386e+00 1.464836822082058898e+00 1.363599362446887620e+00
1.102581636782155350e+01 1.635184840309660714e+00 1.674641110887541195e+00 1.594107595947972689e+00
1.175175337120449015e+01 1.838790864620659438e+00 1.900498696409797184e+00 1.773023285396488014e+00
1.246090089311087645e+01 2.013035845656719669e+00 2.091645506549202338e+00 1.927715426008708821e+00
1.316195325317793419e+01 2.218989781242734605e+00 2.332099043982319486e+00 2.091435605203681547e+00
1.385902971187777055e+01 2.378858241053118938e+00 2.532678067548212564e+00 2.196999695101830241e+00
1.455413575692304740e+01 2.502978250247991809e+00 2.661638426156113457e+00 2.314309038831071419e+00
1.524826093267096994e+01 2.729659809755029976e+00 2.967348216430096830e+00 2.417256082398083983e+00
1.594189675238063408e+01 2.888866495786273969e+00 3.194637544481897518e+00 2.446211180357965809e+00
1.663528816300651414e+01 3.035685697527001015e+00 3.281676429802344419e+00 2.708725270324891188e+00
1.732855743623494504e+01 2.858785225063884550e+00 3.134440363485057279e+00 2.476948552844403739e+00
1.802176565753960702e+01 2.907922406077274591e+00 3.171205573395306399e+00 2.549538684834909308e+00
1.871494335707472700e+01 2.862465980954151057e+00 3.118053210302207834e+00 2.518256391577244013e+00
1.940810579677298975e+01 2.882159697522150399e+00 3.179634017363271781e+00 2.456817648781775887e+00
