8.317766166719342991e+00 5.941649879799554279e-01 6.141027191513548367e-01 5.738216429548432806e-01
9.416378455387453883e+00 1.093360430741085798e+00 1.122141034409254390e+00 1.063726895420084029e+00
1.026367631577465644e+01 1.343628930889111395e+00 1.374228225645845791e+00 1.312063684096434812e+00
1.102581636782155350e+01 1.558701339389494844e+00 1.607244296758462143e+00 1.507681202490777306e+00
1.175175337120449015e+01 1.740272981161836263e+00 1.803188810847521806e+00 1.673131395672654786e+00
1.246090089311087645e+01 1.933889801536514685e+00 2.010859277173769666e+00 1.850498291135799667e+00
1.316195325317793419e+01 2.181545922784367431e+00 2.290963396991824830e+00 2.058668433474734272e+00
1.385902971187777055e+01 2.345264773942135506e+00 2.499107607458132652e+00 2.163374042833492883e+00
1.455413575692304740e+01 2.560418875200095368e+00 2.707498299259800678e+00 2.387913817106769088e+00
1.524826093267096994e+01 2.768488205437879657e+00 2.948083216473309509e+00 2.549420584385523991e+00
1.594189675238063408e+01 2.780140460750117892e+00 2.968607819968045902e+00 2.547706799765609986e+00
1.663528816300651414e+01 3.007753803942540216e+00 3.207376026916030742e+00 2.758084757473641790e+00
1.732855743623494504e+01 3.024932241515088993e+00 3.310097027747351373e+00 2.624482775043453398e+00
1.802176565753960702e+01 3.064729775570176340e+00 3.347091876376166564e+00 2.669820449958057118e+00
1.871494335707472700e+01 3.009123861863195248e+00 3.233376544509238393e+00 2.719590499088048396e+00
1.940810579677298975e+01 3.001789090644593649e+00 3.201633759477732433e+00 2.751771327214954876e+00
