8.317766166719342991e+00 4.557114461844902209e-01 4.755859255713668632e-01 4.354339485543649024e-01
9.416378455387453883e+00 1.003339662500817298e+00 1.027400833379210399e+00 9.786852482217236471e-01
1.026367631577465644e+01 1.264858237145117581e+00 1.295516077695014534e+00 1.233230685818205385e+00
1.102581636782155350e+01 1.485365287312839788e+00 1.519949421066649320e+00 1.449542112164034613e+00
1.175175337120449015e+01 1.687452036587816062e+00 1.728571193906622838e+00 1.644569318937890268e+00
1.246090089311087645e+01 1.894001629033297940e+00 1.946663635837471595e+00 1.838411415787104763e+00
1.316195325317793419e+01 2.105820285503430700e+00 2.187629376705153117e+00 2.016717333737945594e+00
1.385902971187777055e+01 2.308778790676810466e+00 2.403038156812407067e+00 2.204701105099535763e+00
1.455413575692304740e+01 2.502746267431280813e+00 2.609758728509591119e+00 2.382894455038751413e+00
1.524826093267096994e+01 2.671809765545626103e+00 2.819736674043973323e+00 2.498136921872183613e+00
1.594189675238063408e+01 2.822087018650942358e+00 3.044734613017257008e+00 2.535230994896269685e+00
1.663528816300651414e+01 2.952360952073298961e+00 3.111143119264161871e+00 2.763519063049759250e+00
1.732855743623494504e+01 3.124114785327511967e+00 3.413958792529481201e+00 2.714311735106435197e+00
1.802176565753960702e+01 3.139812239246946302e+00 3.378083138508926275e+00 2.826398007316073269e+00
1.871494335707472700e+01 3.077149393266978006e+00 3.262150092917898814e+00 2.849973621014330494e+00
1.940810579677298975e+01 3.150798765789811107e+00 3.328065153946201615e+00 2.935190372892887201e+00
