7.624618986159398482e+00 -9.614690651483522033e-02
8.723231274827508486e+00 5.852659024921997855e-01
9.570529135214711047e+00 9.867803695044922163e-01
1.033266918726160810e+01 1.232075381984540918e+00
1.105860619064454475e+01 1.444390688782833942e+00
1.176775371255093106e+01 1.644907355682528438e+00
1.246880607261798879e+01 1.862944385246871004e+00
1.316588253131782515e+01 2.078965149046001937e+00
1.386098857636310200e+01 2.305448313276595496e+00
1.455511375211102454e+01 2.470919987739013557e+00
1.524874957182068869e+01 2.729823680478730363e+00
1.594214098244656874e+01 2.842950439898100701e+00
1.663541025567500142e+01 3.018542942094880388e+00
1.732861847697966340e+01 3.063426377807761281e+00
1.802179617651478338e+01 3.086555907638524943e+00
1.871495861621304257e+01 3.188186888565461619e+00
1.940811342625483249e+01 3.071438095417687641e+00
