8.317766166719342991e+00 1.167199539883303050e+00 1.219401337641471184e+00 1.112121901441472493e+00
9.416378455387453883e+00 1.445078148364893789e+00 1.497234873693210400e+00 1.390050684203871567e+00
1.026367631577465644e+01 1.646770162619044964e+00 1.733491914869796258e+00 1.551807421812819943e+00
1.102581636782155350e+01 1.909757884250874893e+00 2.044684046508068231e+00 1.753744480261365757e+00
1.175175337120449015e+01 2.102876518276413531e+00 2.291287109308611125e+00 1.870529327977273892e+00
1.246090089311087645e+01 2.210744932461983225e+00 2.390880932381282076e+00 1.990870786240063861e+00
1.316195325317793419e+01 2.436534083469039658e+00 2.709002208342639495e+00 2.060819604185470055e+00
1.385902971187777055e+01 2.353500063904125472e+00 2.629523602469648669e+00 1.970952015501867383e+00
1.455413575692304740e+01 2.317288072848215918e+00 2.558287127220700619e+00 1.999119532089440820e+00
1.524826093267096994e+01 2.247238387404799642e+00 2.408128136665802277e+00 2.055405178650829612e+00
1.594189675238063408e+01 2.387612115689534242e+00 2.616495395077593766e+00 2.090290007250765303e+00
1.663528816300651414e+01 2.437594445732147452e+00 2.656039234041951858e+00 2.157694912419855449e+00
1.732855743623494504e+01 2.364091977047439119e+00 2.559783384904201764e+00 2.120552392831917210e+00
1.802176565753960702e+01 2.280578617511254347e+00 2.479945081051138089e+00 2.031310265957850358e+00
1.871494335707472700e+01 2.339368990809748361e+00 2.601953327229856061e+00 1.982285213279532776e+00
1.940810579677298975e+01 2.386734729288925383e+00 2.617600758132911487e+00 2.086047838294889711e+00
