2.993989652941511981e+00 2.978106643194181391e+00 3.109696003016155785e+00 3.107256777494642019e+00 3.263977803727962979e+00 3.231422246274290089e+00 3.357657423174135403e+00 3.278948981089884640e+00
4.208737359246310206e+00 4.172438869425975305e+00 4.194630862091787371e+00 4.218088504258562743e+00 4.219686915792205895e+00 4.226613184898126541e+00 4.205358719862844374e+00 4.237516151909389350e+00
4.256053521079546265e+00 4.204215984985093080e+00 4.217169802013142288e+00 4.229764841696219690e+00 4.203826559896233661e+00 4.211744007591470051e+00 4.197975625377516451e+00 4.228385261297166409e+00
4.242281648541678329e+00 4.180366115078089528e+00 4.250086337696950878e+00 4.237901513785458540e+00 4.220642020629259861e+00 4.253142311498891104e+00 4.223503001411990532e+00 4.250862321144936118e+00
4.269075091444765491e+00 4.251276216880275349e+00 4.247182964770530589e+00 4.231378471712888611e+00 4.297537632994931300e+00 4.200996984739901130e+00 4.253846402436338714e+00 4.249829031732995865e+00
4.251324429717567632e+00 4.298420859481490552e+00 4.300173691152727073e+00 4.264495373829388036e+00 4.296402202308771123e+00 4.266325072346344172e+00 4.271083601333971025e+00 4.262502215911541548e+00
4.268002421246902323e+00 4.258890367514815978e+00 4.312812743495737955e+00 4.206647501397892341e+00 4.281947965656534016e+00 4.243151880529141273e+00 4.294781580688569633e+00 4.235970472454243740e+00
4.219091160704148358e+00 4.297218178987088244e+00 4.330705161025558247e+00 4.292648707212125103e+00 4.334309405001318005e+00 4.229534333391816503e+00 4.304629168952192053e+00 4.244609107638694034e+00
4.231813197233683432e+00 4.317219891435873258e+00 4.377530581717977043e+00 4.335642374467105320e+00 4.392311313452394117e+00 4.207361826968551988e+00 4.300316252774280201e+00 4.261130384620268607e+00
4.214992472284174063e+00 4.326118969927062352e+00 4.363262727391604479e+00 4.351297423106659679e+00 4.364959067728719333e+00 4.268702907364771981e+00 4.403421918457905093e+00 4.239664565276695996e+00
