3.158014324690352037e+00 3.214853502485284675e+00 3.001435614882424385e+00 3.253928918080716937e+00 3.130224495067832624e+00 3.470949866367803338e+00 3.282384660447595692e+00 3.095513020951781158e+00
4.157713308822387432e+00 4.214389523932983828e+00 4.176313453022148181e+00 4.186756248849897943e+00 4.167613447047354036e+00 4.232800725817399190e+00 4.199089095469788369e+00 4.184951471873554318e+00
4.153645208029123737e+00 4.293005467180842416e+00 4.189531696780533387e+00 4.212914238542087020e+00 4.193485030795288004e+00 4.263898918366316515e+00 4.184194668115202020e+00 4.215205874838210853e+00
4.204110396738497180e+00 4.302285214925384516e+00 4.191544324095767493e+00 4.206124501856680631e+00 4.214247994861623603e+00 4.209047883738357143e+00 4.184649554950100381e+00 4.222400683702677071e+00
4.225482379475191230e+00 4.310941428879541348e+00 4.235425664060142203e+00 4.234388134055621755e+00 4.210589758061671795e+00 4.187983807079819876e+00 4.248389008371282749e+00 4.207255277738629395e+00
4.227993380303081139e+00 4.316047773537444066e+00 4.249493871107446807e+00 4.273056902408798763e+00 4.213121673006042123e+00 4.202546441062621874e+00 4.250783071809986602e+00 4.168098959526797209e+00
4.254910577501610724e+00 4.312829822279197423e+00 4.272402905387259864e+00 4.226483787777412182e+00 4.205108567404028719e+00 4.224011192527031611e+00 4.225679812525426904e+00 4.181979041458945723e+00
4.276769088486016557e+00 4.303048286164746550e+00 4.219974076827137210e+00 4.209561732515989085e+00 4.187291733868605981e+00 4.239547186283843416e+00 4.264995055526563661e+00 4.195663587244054860e+00
4.284987697954877106e+00 4.290086980824071361e+00 4.173025463096786680e+00 4.221067337407166775e+00 4.182582142986141172e+00 4.195669247047849382e+00 4.280585084072486168e+00 4.163442852313495202e+00
4.250389411932583350e+00 4.244443154228100923e+00 4.197323717664140474e+00 4.213435316630531169e+00 4.186143775723473404e+00 4.192897998834054007e+00 4.262145858848795932e+00 4.182407144005088284e+00
