3.290212156327933180e+00 3.223363581511690779e+00 3.229218376667069457e+00 2.938889460391571617e+00 3.041198392797864081e+00 2.920817588935891607e+00 3.364663726330528792e+00 3.367235325333279405e+00
4.186010877812744724e+00 4.197560618566487101e+00 4.204725387315450646e+00 4.166618091061759621e+00 4.172802079338726600e+00 4.155169555980522844e+00 4.172172457905645615e+00 4.194606525467196256e+00
4.179375371592564115e+00 4.191574934584028966e+00 4.220999567679294628e+00 4.202143476200365768e+00 4.163275454428228883e+00 4.164742853236141684e+00 4.201204505290099256e+00 4.180989307433429225e+00
4.210605002182595591e+00 4.212009228668171623e+00 4.212882223158304740e+00 4.199502126608219754e+00 4.160111562399970708e+00 4.226371426318679347e+00 4.190221146230831195e+00 4.179307332997158397e+00
4.211124182348477518e+00 4.260481205721201370e+00 4.207295294977944522e+00 4.232119354815688794e+00 4.156844367944566798e+00 4.270741224001167957e+00 4.177137401399072303e+00 4.226390495690449001e+00
4.219631320827812893e+00 4.261011365818108132e+00 4.191964046908612573e+00 4.252459284699380504e+00 4.195803282125864619e+00 4.287096410723077788e+00 4.182086180673434406e+00 4.237106099104090973e+00
4.247018500486741566e+00 4.238674662479883892e+00 4.197245008099276475e+00 4.290136794798085518e+00 4.264208357766531954e+00 4.313780503554811574e+00 4.223938483341613370e+00 4.206817780698095532e+00
4.278180417425871518e+00 4.265576872128780117e+00 4.207345909936457851e+00 4.219399742137436959e+00 4.308703437990465623e+00 4.317463081955340343e+00 4.241743212965584320e+00 4.193351740689839957e+00
4.341141340823809536e+00 4.302708745970901916e+00 4.185432088414782648e+00 4.174569443374494426e+00 4.337638111831391363e+00 4.317056025143695130e+00 4.265976268072363631e+00 4.204076163741056860e+00
4.353906080562591541e+00 4.320367535150212213e+00 4.218563318297773534e+00 4.235244260887841783e+00 4.343718741390389049e+00 4.309153182124551229e+00 4.261900775811576558e+00 4.206287846148298648e+00
