3.144053206819024116e+00 3.292096861757812576e+00 3.123151630483838481e+00 3.254509432625972476e+00 3.162109714858540421e+00 2.941726246264263267e+00 3.335589891398444973e+00 2.951253860754704306e+00
4.172126632741282926e+00 4.172494179915153367e+00 4.176069951889600063e+00 4.185375628251224889e+00 4.181595191952433233e+00 4.168401263331181106e+00 4.198161422271498466e+00 4.132655398555556303e+00
4.167805760381397384e+00 4.178250892561988117e+00 4.192636125806465941e+00 4.162682200034777402e+00 4.180836601499380301e+00 4.248340932638217993e+00 4.186140631513826094e+00 4.152884325651772457e+00
4.196430521902420274e+00 4.173943666636147576e+00 4.191690478250804652e+00 4.184355751841538407e+00 4.180358798636860662e+00 4.310585448103497086e+00 4.207805897824282937e+00 4.168901779678577668e+00
4.200766687154597001e+00 4.184609702845019541e+00 4.209401563751427489e+00 4.186947988952803179e+00 4.180587323045663162e+00 4.342180915820258669e+00 4.221416260219729821e+00 4.177100954898410379e+00
4.179403432828020293e+00 4.182375359694300521e+00 4.261864478791805411e+00 4.182744985951954320e+00 4.192358238584285246e+00 4.384933550952839099e+00 4.186544800182353754e+00 4.177754739576285736e+00
4.187804615013341447e+00 4.179263777072081076e+00 4.305033229663258965e+00 4.163523302538929549e+00 4.256626397216558111e+00 4.404782012133979130e+00 4.208898356323494738e+00 4.235513583438513585e+00
4.187084523917165235e+00 4.231455354382806178e+00 4.279327845938229125e+00 4.179565600228079880e+00 4.287713549160850235e+00 4.428459846566235925e+00 4.192137158590020007e+00 4.278553552762994983e+00
4.173636377294018374e+00 4.253058521575359130e+00 4.259626986999011322e+00 4.170321218345475422e+00 4.294243190903722862e+00 4.376843595520113261e+00 4.181321956332829437e+00 4.268674765015963324e+00
4.171336376116577149e+00 4.239873574526082045e+00 4.287751210830275106e+00 4.178411671861653964e+00 4.330842634092579857e+00 4.386416988853627963e+00 4.195906318546164471e+00 4.275266845345229605e+00
