7.624618986159398482e+00 1.351074213122884123e-02
8.723231274827508486e+00 6.892451598515325628e-01
9.570529135214711047e+00 1.055560939929619968e+00
1.033266918726160810e+01 1.293129777405934933e+00
1.105860619064454475e+01 1.497360459681512879e+00
1.176775371255093106e+01 1.700192496545786636e+00
1.246880607261798879e+01 1.905211908271967625e+00
1.316588253131782515e+01 2.098876001401760227e+00
1.386098857636310200e+01 2.313365635614488713e+00
1.455511375211102454e+01 2.474218135752285441e+00
1.524874957182068869e+01 2.784425018806490737e+00
1.594214098244656874e+01 2.944229225115593707e+00
1.663541025567500142e+01 2.931570586959369340e+00
1.732861847697966340e+01 2.961155095498399170e+00
1.802179617651478338e+01 3.106837773422578053e+00
1.871495861621304257e+01 3.097517919441413525e+00
1.940811342625483249e+01 3.158753080261435642e+00
